1.0000E-11 0.0000E+00
1.0715E-11 0.0000E+00
1.1482E-11 0.0000E+00
1.2303E-11 0.0000E+00
1.3183E-11 0.0000E+00
1.4125E-11 0.0000E+00
1.5136E-11 0.0000E+00
1.6218E-11 0.0000E+00
1.7378E-11 0.0000E+00
1.8621E-11 0.0000E+00
1.9953E-11 0.0000E+00
2.1380E-11 0.0000E+00
2.2909E-11 0.0000E+00
2.4547E-11 0.0000E+00
2.6303E-11 0.0000E+00
2.8184E-11 0.0000E+00
3.0200E-11 0.0000E+00
3.2359E-11 0.0000E+00
3.4674E-11 0.0000E+00
3.7154E-11 0.0000E+00
3.9811E-11 0.0000E+00
4.2658E-11 0.0000E+00
4.5709E-11 0.0000E+00
4.8978E-11 0.0000E+00
5.2481E-11 0.0000E+00
5.6234E-11 0.0000E+00
6.0256E-11 0.0000E+00
6.4565E-11 0.0000E+00
6.9183E-11 0.0000E+00
7.4131E-11 0.0000E+00
7.9433E-11 4.4456E-02
8.5114E-11 3.9969E+00
9.1201E-11 1.1063E+01
9.7724E-11 1.0327E+01
1.0471E-10 1.4988E+01
1.1220E-10 2.9968E+01
1.2023E-10 2.9743E+01
1.2882E-10 3.8932E+01
1.3804E-10 6.2743E+01
1.4791E-10 9.1345E+01
1.5849E-10 1.0683E+02
1.6982E-10 1.5491E+02
1.8197E-10 2.4121E+02
1.9498E-10 2.7283E+02
2.0893E-10 2.9843E+02
2.2387E-10 5.1725E+02
2.3988E-10 5.2492E+02
2.5704E-10 5.9677E+02
2.7542E-10 7.5113E+02
2.9512E-10 8.3860E+02
3.1623E-10 9.5890E+02
3.3884E-10 1.1946E+03
3.6308E-10 1.6590E+03
3.8905E-10 2.0300E+03
4.1687E-10 1.9441E+03
4.4668E-10 4.2637E+03
4.7863E-10 4.5232E+03
5.1286E-10 4.7858E+03
5.4954E-10 5.6214E+03
5.8884E-10 6.6660E+03
6.3096E-10 6.1764E+03
6.7608E-10 8.4492E+03
7.2444E-10 1.2582E+04
7.7625E-10 1.2726E+04
8.3176E-10 1.3866E+04
8.9125E-10 1.9796E+04
9.5499E-10 2.2195E+04
1.0233E-09 2.2997E+04
1.0965E-09 2.8082E+04
1.1749E-09 3.1621E+04
1.2589E-09 3.1885E+04
1.3490E-09 3.5716E+04
1.4454E-09 4.4441E+04
1.5488E-09 4.9549E+04
1.6596E-09 4.6078E+04
1.7783E-09 7.0393E+04
1.9055E-09 6.6807E+04
2.0417E-09 7.4388E+04
2.1878E-09 9.4620E+04
2.3442E-09 1.1074E+05
2.5119E-09 1.1829E+05
2.6915E-09 1.3343E+05
2.8840E-09 1.5747E+05
3.0903E-09 1.7063E+05
3.3113E-09 1.7644E+05
3.5481E-09 2.1616E+05
3.8019E-09 2.2189E+05
4.0738E-09 2.1705E+05
4.3652E-09 2.7262E+05
4.6774E-09 3.0377E+05
5.0119E-09 3.0073E+05
5.3703E-09 3.3533E+05
5.7544E-09 3.8878E+05
6.1660E-09 3.8603E+05
6.6069E-09 3.8866E+05
7.0795E-09 4.3223E+05
7.5858E-09 4.3023E+05
8.1283E-09 4.4667E+05
8.7096E-09 5.1512E+05
9.3325E-09 5.5608E+05
1.0000E-08 5.8932E+05
1.0715E-08 5.6646E+05
1.1482E-08 5.7788E+05
1.2303E-08 6.2517E+05
1.3183E-08 5.9446E+05
1.4125E-08 5.3441E+05
1.5136E-08 5.3268E+05
1.6218E-08 5.4872E+05
1.7378E-08 4.8399E+05
1.8621E-08 4.7665E+05
1.9953E-08 4.6108E+05
2.1380E-08 4.1499E+05
2.2909E-08 3.6345E+05
2.4547E-08 3.7854E+05
2.6303E-08 3.7822E+05
2.8184E-08 3.3539E+05
3.0200E-08 3.4494E+05
3.2359E-08 3.4393E+05
3.4674E-08 3.0051E+05
3.7154E-08 2.8998E+05
3.9811E-08 2.9297E+05
4.2658E-08 2.7972E+05
4.5709E-08 2.5249E+05
4.8978E-08 2.5901E+05
5.2481E-08 2.5766E+05
5.6234E-08 2.5107E+05
6.0256E-08 2.5119E+05
6.4565E-08 2.5306E+05
6.9183E-08 2.7263E+05
7.4131E-08 2.6435E+05
7.9433E-08 2.7787E+05
8.5114E-08 2.8006E+05
9.1201E-08 2.9834E+05
9.7724E-08 2.9985E+05
1.0471E-07 2.9023E+05
1.1220E-07 3.3940E+05
1.2023E-07 3.4363E+05
1.2882E-07 3.3993E+05
1.3804E-07 3.6343E+05
1.4791E-07 3.6814E+05
1.5849E-07 3.7836E+05
1.6982E-07 3.6891E+05
1.8197E-07 3.9361E+05
1.9498E-07 3.7552E+05
2.0893E-07 3.9165E+05
2.2387E-07 3.5552E+05
2.3988E-07 3.7324E+05
2.5704E-07 3.5634E+05
2.7542E-07 3.6900E+05
2.9512E-07 3.7086E+05
3.1623E-07 3.6852E+05
3.3884E-07 3.9495E+05
3.6308E-07 4.2038E+05
3.8905E-07 4.4193E+05
4.1687E-07 4.2461E+05
4.4668E-07 4.1222E+05
4.7863E-07 4.2343E+05
5.1286E-07 4.2021E+05
5.4954E-07 4.3811E+05
5.8884E-07 4.5172E+05
6.3096E-07 4.3920E+05
6.7608E-07 4.5629E+05
7.2444E-07 4.8052E+05
7.7625E-07 4.7755E+05
8.3176E-07 4.6958E+05
8.9125E-07 5.2772E+05
9.5499E-07 5.1472E+05
1.0233E-06 5.2437E+05
1.0965E-06 5.5664E+05
1.1749E-06 5.4237E+05
1.2589E-06 5.4731E+05
1.3490E-06 5.5430E+05
1.4454E-06 5.9677E+05
1.5488E-06 5.6320E+05
1.6596E-06 5.5228E+05
1.7783E-06 5.7307E+05
1.9055E-06 5.6760E+05
2.0417E-06 5.6613E+05
2.1878E-06 5.8104E+05
2.3442E-06 5.8129E+05
2.5119E-06 5.7319E+05
2.6915E-06 5.9086E+05
2.8840E-06 5.8626E+05
3.0903E-06 5.9168E+05
3.3113E-06 6.2600E+05
3.5481E-06 6.1110E+05
3.8019E-06 6.3213E+05
4.0738E-06 6.1619E+05
4.3652E-06 6.2791E+05
4.6774E-06 6.2570E+05
5.0119E-06 6.2127E+05
5.3703E-06 6.3309E+05
5.7544E-06 6.5707E+05
6.1660E-06 6.7002E+05
6.6069E-06 6.4120E+05
7.0795E-06 6.6342E+05
7.5858E-06 6.7113E+05
8.1283E-06 6.6263E+05
8.7096E-06 6.9718E+05
9.3325E-06 6.6539E+05
1.0000E-05 7.1002E+05
1.0715E-05 6.6656E+05
1.1482E-05 6.6625E+05
1.2303E-05 6.8652E+05
1.3183E-05 6.9435E+05
1.4125E-05 7.2396E+05
1.5136E-05 7.1548E+05
1.6218E-05 7.5704E+05
1.7378E-05 7.4067E+05
1.8621E-05 7.8940E+05
1.9953E-05 7.6111E+05
2.1380E-05 7.6207E+05
2.2909E-05 7.2424E+05
2.4547E-05 7.0884E+05
2.6303E-05 7.1890E+05
2.8184E-05 7.4654E+05
3.0200E-05 7.4395E+05
3.2359E-05 7.5375E+05
3.4674E-05 7.6965E+05
3.7154E-05 7.6500E+05
3.9811E-05 7.7516E+05
4.2658E-05 7.5670E+05
4.5709E-05 7.7267E+05
4.8978E-05 7.8209E+05
5.2481E-05 7.5730E+05
5.6234E-05 7.5860E+05
6.0256E-05 7.8861E+05
6.4565E-05 7.9212E+05
6.9183E-05 7.9611E+05
7.4131E-05 7.9238E+05
7.9433E-05 7.9415E+05
8.5114E-05 8.2856E+05
9.1201E-05 8.0150E+05
9.7724E-05 8.2043E+05
1.0471E-04 8.0763E+05
1.1220E-04 7.9011E+05
1.2023E-04 7.9414E+05
1.2882E-04 8.1224E+05
1.3804E-04 8.4135E+05
1.4791E-04 8.4813E+05
1.5849E-04 8.4736E+05
1.6982E-04 8.6393E+05
1.8197E-04 8.9531E+05
1.9498E-04 8.5615E+05
2.0893E-04 8.8231E+05
2.2387E-04 8.5453E+05
2.3988E-04 8.3025E+05
2.5704E-04 8.7841E+05
2.7542E-04 8.6533E+05
2.9512E-04 8.5609E+05
3.1623E-04 8.4265E+05
3.3884E-04 8.5337E+05
3.6308E-04 8.8940E+05
3.8905E-04 8.6570E+05
4.1687E-04 8.7195E+05
4.4668E-04 8.9779E+05
4.7863E-04 8.7255E+05
5.1286E-04 9.0946E+05
5.4954E-04 8.9323E+05
5.8884E-04 9.0535E+05
6.3096E-04 9.0459E+05
6.7608E-04 9.1379E+05
7.2444E-04 8.9926E+05
7.7625E-04 9.3916E+05
8.3176E-04 9.3698E+05
8.9125E-04 9.5717E+05
9.5499E-04 9.0652E+05
1.0233E-03 9.4193E+05
1.0965E-03 9.2156E+05
1.1749E-03 9.4687E+05
1.2589E-03 9.6190E+05
1.3490E-03 9.8579E+05
1.4454E-03 9.4635E+05
1.5488E-03 9.8552E+05
1.6596E-03 9.6015E+05
1.7783E-03 1.0086E+06
1.9055E-03 9.7806E+05
2.0417E-03 9.3858E+05
2.1878E-03 9.7350E+05
2.3442E-03 1.0233E+06
2.5119E-03 9.9341E+05
2.6915E-03 1.0027E+06
2.8840E-03 1.0052E+06
3.0903E-03 9.9419E+05
3.3113E-03 1.0024E+06
3.5481E-03 9.6009E+05
3.8019E-03 9.9267E+05
4.0738E-03 9.9990E+05
4.3652E-03 1.0289E+06
4.6774E-03 1.0251E+06
5.0119E-03 1.0173E+06
5.3703E-03 9.9162E+05
5.7544E-03 9.7218E+05
6.1660E-03 9.5349E+05
6.6069E-03 9.7636E+05
7.0795E-03 9.9859E+05
7.5858E-03 9.8186E+05
8.1283E-03 1.0052E+06
8.7096E-03 1.0204E+06
9.3325E-03 9.9190E+05
1.0000E-02 1.0043E+06
1.0715E-02 1.0263E+06
1.1482E-02 1.0635E+06
1.2303E-02 1.0841E+06
1.3183E-02 1.0562E+06
1.4125E-02 1.0054E+06
1.5136E-02 1.1125E+06
1.6218E-02 1.0655E+06
1.7378E-02 1.0869E+06
1.8621E-02 1.0594E+06
1.9953E-02 1.1229E+06
2.1380E-02 1.1265E+06
2.2909E-02 1.2242E+06
2.4547E-02 1.2441E+06
2.6303E-02 1.1989E+06
2.8184E-02 1.3084E+06
3.0200E-02 1.3118E+06
3.2359E-02 1.3155E+06
3.4674E-02 1.0806E+06
3.7154E-02 1.0190E+06
3.9811E-02 1.0216E+06
4.2658E-02 1.0841E+06
4.5709E-02 1.2435E+06
4.8978E-02 1.2550E+06
5.2481E-02 1.2470E+06
5.6234E-02 1.5162E+06
6.0256E-02 1.4480E+06
6.4565E-02 1.4631E+06
6.9183E-02 1.5461E+06
7.4131E-02 1.5975E+06
7.9433E-02 1.5405E+06
8.5114E-02 1.4827E+06
9.1201E-02 1.3783E+06
9.7724E-02 1.3447E+06
1.0471E-01 1.3839E+06
1.1220E-01 2.0024E+06
1.2023E-01 1.9998E+06
1.2882E-01 1.9739E+06
1.3804E-01 1.5459E+06
1.4791E-01 1.3997E+06
1.5849E-01 1.4325E+06
1.6982E-01 1.5041E+06
1.8197E-01 1.7778E+06
1.9498E-01 1.7343E+06
2.0893E-01 1.7349E+06
2.2387E-01 2.0141E+06
2.3988E-01 1.9487E+06
2.5704E-01 1.9326E+06
2.7542E-01 1.8564E+06
2.9512E-01 1.8467E+06
3.1623E-01 1.8683E+06
3.3884E-01 1.8380E+06
3.6308E-01 1.7779E+06
3.8905E-01 1.7467E+06
4.1687E-01 1.4930E+06
4.4668E-01 1.7579E+06
4.7863E-01 1.8008E+06
5.1286E-01 1.8835E+06
5.4954E-01 1.8728E+06
5.8884E-01 1.8753E+06
6.3096E-01 1.8256E+06
6.7608E-01 1.7853E+06
7.2444E-01 1.6194E+06
7.7625E-01 1.6829E+06
8.3176E-01 1.6557E+06
8.9125E-01 3.0827E+06
9.5499E-01 2.2754E+06
1.0233E+00 9.6868E+05
1.0965E+00 9.9195E+05
1.1749E+00 9.9088E+05
1.2589E+00 9.8433E+05
1.3490E+00 1.0169E+06
1.4454E+00 9.6972E+05
1.5488E+00 7.6744E+05
1.6596E+00 6.3796E+05
1.7783E+00 6.6082E+05
1.9055E+00 6.6898E+05
2.0417E+00 6.6510E+05
2.1878E+00 6.8481E+05
2.3442E+00 6.7126E+05
2.5119E+00 3.6080E+05
2.6915E+00 3.6037E+05
2.8840E+00 3.7013E+05
3.0903E+00 3.6312E+05
3.3113E+00 3.3802E+05
3.5481E+00 3.5869E+05
3.8019E+00 2.9918E+05
4.0738E+00 1.9576E+05
4.3652E+00 2.0466E+05
4.6774E+00 2.1397E+05
5.0119E+00 2.0128E+05
5.3703E+00 2.0396E+05
5.7544E+00 2.0446E+05
6.1660E+00 1.5242E+05
6.6069E+00 1.1330E+05
7.0795E+00 1.0948E+05
7.5858E+00 1.1399E+05
8.1283E+00 1.1756E+05
8.7096E+00 1.1060E+05
9.3325E+00 1.1242E+05
1.0000E+01 7.9631E+04
1.0715E+01 7.8706E+04
1.1482E+01 7.9716E+04
1.2303E+01 7.7545E+04
1.3183E+01 7.9439E+04
1.4125E+01 7.9717E+04
1.5136E+01 7.0191E+04
1.6218E+01 5.5168E+04
1.7378E+01 5.3908E+04
1.8621E+01 5.3802E+04
1.9953E+01 5.3055E+04
2.1380E+01 5.3040E+04
2.2909E+01 5.3345E+04
2.4547E+01 4.3643E+04
2.6303E+01 3.8236E+04
2.8184E+01 3.7070E+04
3.0200E+01 3.7253E+04
3.2359E+01 3.7464E+04
3.4674E+01 3.6861E+04
3.7154E+01 3.7548E+04
3.9811E+01 2.5050E+04
4.2658E+01 2.4837E+04
4.5709E+01 2.6088E+04
4.8978E+01 2.4979E+04
5.2481E+01 2.4981E+04
5.6234E+01 2.5577E+04
6.0256E+01 2.2103E+04
6.4565E+01 1.4300E+04
6.9183E+01 1.4024E+04
7.4131E+01 1.3885E+04
7.9433E+01 1.4350E+04
8.5114E+01 1.4662E+04
9.1201E+01 1.4484E+04
9.7724E+01 8.3668E+03
1.0471E+02 5.4170E+03
1.1220E+02 5.2971E+03
1.2023E+02 5.2554E+03
1.2882E+02 5.5448E+03
1.3804E+02 5.4888E+03
1.4791E+02 5.4400E+03
1.5849E+02 1.2373E+03
1.6982E+02 1.2052E+03
1.8197E+02 1.2323E+03
1.9498E+02 1.2005E+03
2.0893E+02 1.1896E+03
2.2387E+02 1.1750E+03
2.3988E+02 8.8290E+02
2.5704E+02 2.4273E+02
2.7542E+02 2.4097E+02
2.9512E+02 2.3763E+02
3.1623E+02 2.3298E+02
3.3884E+02 2.4271E+02
3.6308E+02 2.3623E+02
3.8905E+02 8.2043E+01
4.1687E+02 0.0000E+00
4.4668E+02 0.0000E+00
4.7863E+02 0.0000E+00
5.1286E+02 0.0000E+00
5.4954E+02 0.0000E+00
5.8884E+02 0.0000E+00
6.3096E+02 0.0000E+00
6.7608E+02 0.0000E+00
7.2444E+02 0.0000E+00
7.7625E+02 0.0000E+00
8.3176E+02 0.0000E+00
8.9125E+02 0.0000E+00
9.5499E+02 0.0000E+00
1.0233E+03 0.0000E+00
1.0965E+03 0.0000E+00
1.1749E+03 0.0000E+00
1.2589E+03 0.0000E+00
1.3490E+03 0.0000E+00
1.4454E+03 0.0000E+00
1.5488E+03 0.0000E+00
1.6596E+03 0.0000E+00
1.7783E+03 0.0000E+00
1.9055E+03 0.0000E+00
2.0417E+03 0.0000E+00
2.1878E+03 0.0000E+00
2.3442E+03 0.0000E+00
2.5119E+03 0.0000E+00
2.6915E+03 0.0000E+00
2.8840E+03 0.0000E+00
3.0903E+03 0.0000E+00
3.3113E+03 0.0000E+00
3.5481E+03 0.0000E+00
3.8019E+03 0.0000E+00
4.0738E+03 0.0000E+00
4.3652E+03 0.0000E+00
4.6774E+03 0.0000E+00
5.0119E+03 0.0000E+00
5.3703E+03 0.0000E+00
5.7544E+03 0.0000E+00
6.1660E+03 0.0000E+00
6.6069E+03 0.0000E+00
7.0795E+03 0.0000E+00
7.5858E+03 0.0000E+00
8.1283E+03 0.0000E+00
8.7096E+03 0.0000E+00
9.3325E+03 0.0000E+00
1.0000E+04 0.0000E+00
