1.0000E-11 0.0000E+00
1.0715E-11 0.0000E+00
1.1482E-11 0.0000E+00
1.2303E-11 0.0000E+00
1.3183E-11 0.0000E+00
1.4125E-11 0.0000E+00
1.5136E-11 0.0000E+00
1.6218E-11 0.0000E+00
1.7378E-11 0.0000E+00
1.8621E-11 0.0000E+00
1.9953E-11 0.0000E+00
2.1380E-11 0.0000E+00
2.2909E-11 0.0000E+00
2.4547E-11 0.0000E+00
2.6303E-11 0.0000E+00
2.8184E-11 0.0000E+00
3.0200E-11 0.0000E+00
3.2359E-11 0.0000E+00
3.4674E-11 0.0000E+00
3.7154E-11 0.0000E+00
3.9811E-11 9.2174E-01
4.2658E-11 0.0000E+00
4.5709E-11 0.0000E+00
4.8978E-11 0.0000E+00
5.2481E-11 0.0000E+00
5.6234E-11 3.3545E+00
6.0256E-11 3.8269E+00
6.4565E-11 0.0000E+00
6.9183E-11 9.9138E-02
7.4131E-11 0.0000E+00
7.9433E-11 0.0000E+00
8.5114E-11 1.8252E-02
9.1201E-11 1.0031E-02
9.7724E-11 8.2286E-01
1.0471E-10 2.6539E-02
1.1220E-10 3.9427E+00
1.2023E-10 2.0115E+00
1.2882E-10 1.8691E-01
1.3804E-10 5.9311E+00
1.4791E-10 1.0612E-01
1.5849E-10 7.5154E-02
1.6982E-10 5.6378E-01
1.8197E-10 1.8262E+00
1.9498E-10 1.0486E+02
2.0893E-10 1.8607E+01
2.2387E-10 2.2517E+00
2.3988E-10 8.0304E-01
2.5704E-10 6.8536E-01
2.7542E-10 3.6746E+01
2.9512E-10 2.0173E+00
3.1623E-10 1.3892E+01
3.3884E-10 3.2311E+01
3.6308E-10 9.2860E+00
3.8905E-10 2.3001E+01
4.1687E-10 4.2571E+01
4.4668E-10 8.3641E+01
4.7863E-10 6.0692E+00
5.1286E-10 6.0307E+01
5.4954E-10 6.4001E+01
5.8884E-10 3.3331E+01
6.3096E-10 1.7668E+02
6.7608E-10 9.4040E+01
7.2444E-10 1.0076E+02
7.7625E-10 1.2993E+02
8.3176E-10 8.7608E+01
8.9125E-10 3.2957E+02
9.5499E-10 1.0577E+02
1.0233E-09 1.1773E+02
1.0965E-09 1.2889E+02
1.1749E-09 3.2718E+02
1.2589E-09 5.8168E+02
1.3490E-09 2.7832E+02
1.4454E-09 1.3029E+02
1.5488E-09 3.7866E+02
1.6596E-09 7.1607E+02
1.7783E-09 7.1207E+02
1.9055E-09 4.5009E+02
2.0417E-09 7.4689E+02
2.1878E-09 7.1463E+02
2.3442E-09 9.4203E+02
2.5119E-09 6.9897E+02
2.6915E-09 1.6089E+03
2.8840E-09 1.1966E+03
3.0903E-09 9.5197E+02
3.3113E-09 1.3536E+03
3.5481E-09 1.7646E+03
3.8019E-09 1.1276E+03
4.0738E-09 1.2922E+03
4.3652E-09 1.8076E+03
4.6774E-09 2.2365E+03
5.0119E-09 1.9966E+03
5.3703E-09 2.2876E+03
5.7544E-09 2.1229E+03
6.1660E-09 3.4498E+03
6.6069E-09 3.0436E+03
7.0795E-09 2.7059E+03
7.5858E-09 3.2983E+03
8.1283E-09 3.7549E+03
8.7096E-09 3.6165E+03
9.3325E-09 2.4847E+03
1.0000E-08 5.1174E+03
1.0715E-08 2.4928E+03
1.1482E-08 6.2221E+03
1.2303E-08 5.2119E+03
1.3183E-08 4.6501E+03
1.4125E-08 4.5507E+03
1.5136E-08 3.7330E+03
1.6218E-08 4.9231E+03
1.7378E-08 5.0799E+03
1.8621E-08 6.1558E+03
1.9953E-08 5.2596E+03
2.1380E-08 4.3394E+03
2.2909E-08 5.0404E+03
2.4547E-08 3.9858E+03
2.6303E-08 4.6584E+03
2.8184E-08 4.7009E+03
3.0200E-08 4.8127E+03
3.2359E-08 4.3687E+03
3.4674E-08 4.1503E+03
3.7154E-08 3.3410E+03
3.9811E-08 3.4936E+03
4.2658E-08 4.3109E+03
4.5709E-08 3.4892E+03
4.8978E-08 2.8178E+03
5.2481E-08 2.8052E+03
5.6234E-08 2.3008E+03
6.0256E-08 3.5829E+03
6.4565E-08 2.5184E+03
6.9183E-08 2.5329E+03
7.4131E-08 2.6121E+03
7.9433E-08 3.2087E+03
8.5114E-08 3.3526E+03
9.1201E-08 3.6742E+03
9.7724E-08 2.5945E+03
1.0471E-07 3.0766E+03
1.1220E-07 2.2810E+03
1.2023E-07 2.5715E+03
1.2882E-07 2.7594E+03
1.3804E-07 3.0576E+03
1.4791E-07 3.9210E+03
1.5849E-07 4.0096E+03
1.6982E-07 2.5615E+03
1.8197E-07 2.6161E+03
1.9498E-07 3.3485E+03
2.0893E-07 2.2658E+03
2.2387E-07 3.5202E+03
2.3988E-07 3.1642E+03
2.5704E-07 2.7966E+03
2.7542E-07 3.6226E+03
2.9512E-07 4.4982E+03
3.1623E-07 4.2695E+03
3.3884E-07 2.9746E+03
3.6308E-07 3.5380E+03
3.8905E-07 3.4729E+03
4.1687E-07 3.7537E+03
4.4668E-07 4.7700E+03
4.7863E-07 2.7934E+03
5.1286E-07 3.7198E+03
5.4954E-07 4.4073E+03
5.8884E-07 3.7928E+03
6.3096E-07 3.4332E+03
6.7608E-07 4.6557E+03
7.2444E-07 4.1099E+03
7.7625E-07 4.0236E+03
8.3176E-07 4.1583E+03
8.9125E-07 4.4996E+03
9.5499E-07 3.9809E+03
1.0233E-06 5.2349E+03
1.0965E-06 4.5833E+03
1.1749E-06 6.0179E+03
1.2589E-06 3.8201E+03
1.3490E-06 4.9986E+03
1.4454E-06 5.3320E+03
1.5488E-06 5.2338E+03
1.6596E-06 5.4520E+03
1.7783E-06 3.6012E+03
1.9055E-06 3.3336E+03
2.0417E-06 5.9970E+03
2.1878E-06 4.4077E+03
2.3442E-06 4.6438E+03
2.5119E-06 6.2119E+03
2.6915E-06 4.5036E+03
2.8840E-06 4.0639E+03
3.0903E-06 4.5852E+03
3.3113E-06 5.0234E+03
3.5481E-06 7.0406E+03
3.8019E-06 4.7477E+03
4.0738E-06 5.4906E+03
4.3652E-06 5.8007E+03
4.6774E-06 6.6502E+03
5.0119E-06 5.8337E+03
5.3703E-06 6.5707E+03
5.7544E-06 5.9247E+03
6.1660E-06 6.3467E+03
6.6069E-06 6.6030E+03
7.0795E-06 6.4678E+03
7.5858E-06 7.9294E+03
8.1283E-06 9.1831E+03
8.7096E-06 6.8494E+03
9.3325E-06 9.0256E+03
1.0000E-05 7.1867E+03
1.0715E-05 8.5375E+03
1.1482E-05 1.0126E+04
1.2303E-05 9.3489E+03
1.3183E-05 8.7195E+03
1.4125E-05 1.0351E+04
1.5136E-05 9.1442E+03
1.6218E-05 1.4338E+04
1.7378E-05 1.2644E+04
1.8621E-05 1.2779E+04
1.9953E-05 1.5089E+04
2.1380E-05 1.5909E+04
2.2909E-05 1.4458E+04
2.4547E-05 1.6600E+04
2.6303E-05 2.1121E+04
2.8184E-05 2.0184E+04
3.0200E-05 2.2633E+04
3.2359E-05 2.2409E+04
3.4674E-05 2.4788E+04
3.7154E-05 2.6870E+04
3.9811E-05 2.9018E+04
4.2658E-05 2.8669E+04
4.5709E-05 3.0696E+04
4.8978E-05 3.0601E+04
5.2481E-05 3.2540E+04
5.6234E-05 3.3672E+04
6.0256E-05 3.8083E+04
6.4565E-05 4.1667E+04
6.9183E-05 4.0511E+04
7.4131E-05 4.4792E+04
7.9433E-05 4.4725E+04
8.5114E-05 4.8099E+04
9.1201E-05 5.1572E+04
9.7724E-05 5.4054E+04
1.0471E-04 5.3641E+04
1.1220E-04 5.7395E+04
1.2023E-04 5.9662E+04
1.2882E-04 6.1900E+04
1.3804E-04 6.3240E+04
1.4791E-04 6.7502E+04
1.5849E-04 7.0547E+04
1.6982E-04 7.0928E+04
1.8197E-04 7.7380E+04
1.9498E-04 8.1070E+04
2.0893E-04 8.4118E+04
2.2387E-04 8.5087E+04
2.3988E-04 8.4346E+04
2.5704E-04 8.7993E+04
2.7542E-04 9.1238E+04
2.9512E-04 9.1121E+04
3.1623E-04 9.6312E+04
3.3884E-04 9.8442E+04
3.6308E-04 1.0281E+05
3.8905E-04 1.0488E+05
4.1687E-04 1.0724E+05
4.4668E-04 1.0880E+05
4.7863E-04 1.1235E+05
5.1286E-04 1.1625E+05
5.4954E-04 1.1831E+05
5.8884E-04 1.2261E+05
6.3096E-04 1.2210E+05
6.7608E-04 1.2719E+05
7.2444E-04 1.3092E+05
7.7625E-04 1.3344E+05
8.3176E-04 1.3442E+05
8.9125E-04 1.3829E+05
9.5499E-04 1.4059E+05
1.0233E-03 1.4340E+05
1.0965E-03 1.4371E+05
1.1749E-03 1.4867E+05
1.2589E-03 1.4940E+05
1.3490E-03 1.5211E+05
1.4454E-03 1.5385E+05
1.5488E-03 1.5850E+05
1.6596E-03 1.6047E+05
1.7783E-03 1.4993E+05
1.9055E-03 1.6170E+05
2.0417E-03 1.6360E+05
2.1878E-03 1.6619E+05
2.3442E-03 1.6769E+05
2.5119E-03 1.6831E+05
2.6915E-03 1.7524E+05
2.8840E-03 1.7503E+05
3.0903E-03 1.7724E+05
3.3113E-03 1.7793E+05
3.5481E-03 1.7815E+05
3.8019E-03 1.7934E+05
4.0738E-03 1.8290E+05
4.3652E-03 1.8618E+05
4.6774E-03 1.9119E+05
5.0119E-03 1.9886E+05
5.3703E-03 1.9600E+05
5.7544E-03 1.9393E+05
6.1660E-03 1.8538E+05
6.6069E-03 1.9086E+05
7.0795E-03 1.8688E+05
7.5858E-03 1.9234E+05
8.1283E-03 1.9712E+05
8.7096E-03 1.8871E+05
9.3325E-03 1.9998E+05
1.0000E-02 2.0299E+05
1.0715E-02 2.0356E+05
1.1482E-02 2.1022E+05
1.2303E-02 2.1631E+05
1.3183E-02 2.1512E+05
1.4125E-02 2.1849E+05
1.5136E-02 2.1999E+05
1.6218E-02 2.2085E+05
1.7378E-02 2.1202E+05
1.8621E-02 2.3100E+05
1.9953E-02 2.2875E+05
2.1380E-02 2.3234E+05
2.2909E-02 2.4655E+05
2.4547E-02 2.6915E+05
2.6303E-02 2.5738E+05
2.8184E-02 2.7476E+05
3.0200E-02 2.9045E+05
3.2359E-02 2.9914E+05
3.4674E-02 3.0400E+05
3.7154E-02 2.6014E+05
3.9811E-02 2.4570E+05
4.2658E-02 1.8048E+05
4.5709E-02 2.1442E+05
4.8978E-02 2.6260E+05
5.2481E-02 2.7895E+05
5.6234E-02 2.8677E+05
6.0256E-02 3.4195E+05
6.4565E-02 3.5539E+05
6.9183E-02 3.4812E+05
7.4131E-02 3.4123E+05
7.9433E-02 2.4627E+05
8.5114E-02 3.4934E+05
9.1201E-02 3.5051E+05
9.7724E-02 3.4172E+05
1.0471E-01 3.4409E+05
1.1220E-01 3.5512E+05
1.2023E-01 4.4584E+05
1.2882E-01 4.7953E+05
1.3804E-01 5.2091E+05
1.4791E-01 4.2081E+05
1.5849E-01 3.6307E+05
1.6982E-01 3.9075E+05
1.8197E-01 4.3389E+05
1.9498E-01 5.0846E+05
2.0893E-01 5.3723E+05
2.2387E-01 5.2398E+05
2.3988E-01 5.8241E+05
2.5704E-01 6.2260E+05
2.7542E-01 6.0362E+05
2.9512E-01 6.0810E+05
3.1623E-01 6.3278E+05
3.3884E-01 6.4355E+05
3.6308E-01 5.7978E+05
3.8905E-01 6.3299E+05
4.1687E-01 6.0123E+05
4.4668E-01 4.5342E+05
4.7863E-01 6.5392E+05
5.1286E-01 8.4184E+05
5.4954E-01 7.4482E+05
5.8884E-01 7.9150E+05
6.3096E-01 8.0874E+05
6.7608E-01 7.9952E+05
7.2444E-01 7.8372E+05
7.7625E-01 7.6324E+05
8.3176E-01 7.5816E+05
8.9125E-01 7.9491E+05
9.5499E-01 1.5698E+06
1.0233E+00 1.1535E+06
1.0965E+00 4.8647E+05
1.1749E+00 4.6577E+05
1.2589E+00 4.2390E+05
1.3490E+00 3.9285E+05
1.4454E+00 4.3806E+05
1.5488E+00 4.7796E+05
1.6596E+00 3.7872E+05
1.7783E+00 2.9439E+05
1.9055E+00 3.2181E+05
2.0417E+00 3.2300E+05
2.1878E+00 3.1592E+05
2.3442E+00 3.0719E+05
2.5119E+00 2.8814E+05
2.6915E+00 1.5091E+05
2.8840E+00 1.5300E+05
3.0903E+00 1.4853E+05
3.3113E+00 1.4756E+05
3.5481E+00 1.4760E+05
3.8019E+00 1.4749E+05
4.0738E+00 1.2881E+05
4.3652E+00 8.4626E+04
4.6774E+00 8.6989E+04
5.0119E+00 8.8887E+04
5.3703E+00 8.9655E+04
5.7544E+00 9.3042E+04
6.1660E+00 9.6098E+04
6.6069E+00 6.9758E+04
7.0795E+00 5.9092E+04
7.5858E+00 5.8808E+04
8.1283E+00 5.8859E+04
8.7096E+00 6.2368E+04
9.3325E+00 6.3084E+04
1.0000E+01 6.2965E+04
1.0715E+01 4.3962E+04
1.1482E+01 4.3426E+04
1.2303E+01 4.3013E+04
1.3183E+01 4.2595E+04
1.4125E+01 4.2469E+04
1.5136E+01 4.1564E+04
1.6218E+01 3.6718E+04
1.7378E+01 2.8045E+04
1.8621E+01 2.7809E+04
1.9953E+01 2.7739E+04
2.1380E+01 2.7306E+04
2.2909E+01 2.7610E+04
2.4547E+01 2.7813E+04
2.6303E+01 2.2649E+04
2.8184E+01 2.0199E+04
3.0200E+01 2.0855E+04
3.2359E+01 2.1185E+04
3.4674E+01 2.1676E+04
3.7154E+01 2.2133E+04
3.9811E+01 2.2589E+04
4.2658E+01 1.4984E+04
4.5709E+01 1.5197E+04
4.8978E+01 1.5481E+04
5.2481E+01 1.5563E+04
5.6234E+01 1.5661E+04
6.0256E+01 1.5858E+04
6.4565E+01 1.3616E+04
6.9183E+01 9.0126E+03
7.4131E+01 8.9662E+03
7.9433E+01 9.1038E+03
8.5114E+01 9.1221E+03
9.1201E+01 9.2518E+03
9.7724E+01 9.3757E+03
1.0471E+02 5.5242E+03
1.1220E+02 3.6171E+03
1.2023E+02 3.6795E+03
1.2882E+02 3.7389E+03
1.3804E+02 3.8537E+03
1.4791E+02 3.9127E+03
1.5849E+02 3.9838E+03
1.6982E+02 8.8989E+02
1.8197E+02 9.0201E+02
1.9498E+02 9.0833E+02
2.0893E+02 9.1407E+02
2.2387E+02 9.1737E+02
2.3988E+02 9.1899E+02
2.5704E+02 6.7401E+02
2.7542E+02 1.8212E+02
2.9512E+02 1.8211E+02
3.1623E+02 1.8207E+02
3.3884E+02 1.8187E+02
3.6308E+02 1.8143E+02
3.8905E+02 1.8065E+02
4.1687E+02 6.0408E+01
4.4668E+02 0.0000E+00
4.7863E+02 0.0000E+00
5.1286E+02 0.0000E+00
5.4954E+02 0.0000E+00
5.8884E+02 0.0000E+00
6.3096E+02 0.0000E+00
6.7608E+02 0.0000E+00
7.2444E+02 0.0000E+00
7.7625E+02 0.0000E+00
8.3176E+02 0.0000E+00
8.9125E+02 0.0000E+00
9.5499E+02 0.0000E+00
1.0233E+03 0.0000E+00
1.0965E+03 0.0000E+00
1.1749E+03 0.0000E+00
1.2589E+03 0.0000E+00
1.3490E+03 0.0000E+00
1.4454E+03 0.0000E+00
1.5488E+03 0.0000E+00
1.6596E+03 0.0000E+00
1.7783E+03 0.0000E+00
1.9055E+03 0.0000E+00
2.0417E+03 0.0000E+00
2.1878E+03 0.0000E+00
2.3442E+03 0.0000E+00
2.5119E+03 0.0000E+00
2.6915E+03 0.0000E+00
2.8840E+03 0.0000E+00
3.0903E+03 0.0000E+00
3.3113E+03 0.0000E+00
3.5481E+03 0.0000E+00
3.8019E+03 0.0000E+00
4.0738E+03 0.0000E+00
4.3652E+03 0.0000E+00
4.6774E+03 0.0000E+00
5.0119E+03 0.0000E+00
5.3703E+03 0.0000E+00
5.7544E+03 0.0000E+00
6.1660E+03 0.0000E+00
6.6069E+03 0.0000E+00
7.0795E+03 0.0000E+00
7.5858E+03 0.0000E+00
8.1283E+03 0.0000E+00
8.7096E+03 0.0000E+00
9.3325E+03 0.0000E+00
1.0000E+04 0.0000E+00
