1.0000E-11 0.0000E+00
1.0715E-11 0.0000E+00
1.1482E-11 0.0000E+00
1.2303E-11 0.0000E+00
1.3183E-11 0.0000E+00
1.4125E-11 0.0000E+00
1.5136E-11 0.0000E+00
1.6218E-11 0.0000E+00
1.7378E-11 0.0000E+00
1.8621E-11 0.0000E+00
1.9953E-11 0.0000E+00
2.1380E-11 0.0000E+00
2.2909E-11 0.0000E+00
2.4547E-11 0.0000E+00
2.6303E-11 0.0000E+00
2.8184E-11 0.0000E+00
3.0200E-11 0.0000E+00
3.2359E-11 0.0000E+00
3.4674E-11 0.0000E+00
3.7154E-11 0.0000E+00
3.9811E-11 9.2174E-01
4.2658E-11 0.0000E+00
4.5709E-11 0.0000E+00
4.8978E-11 0.0000E+00
5.2481E-11 0.0000E+00
5.6234E-11 3.3545E+00
6.0256E-11 3.8269E+00
6.4565E-11 0.0000E+00
6.9183E-11 9.9138E-02
7.4131E-11 0.0000E+00
7.9433E-11 0.0000E+00
8.5114E-11 1.8252E-02
9.1201E-11 1.0031E-02
9.7724E-11 8.2286E-01
1.0471E-10 2.6539E-02
1.1220E-10 3.9427E+00
1.2023E-10 2.0115E+00
1.2882E-10 1.8691E-01
1.3804E-10 5.9311E+00
1.4791E-10 1.0612E-01
1.5849E-10 7.5154E-02
1.6982E-10 5.6378E-01
1.8197E-10 1.8262E+00
1.9498E-10 1.0486E+02
2.0893E-10 1.8607E+01
2.2387E-10 2.2517E+00
2.3988E-10 8.0304E-01
2.5704E-10 6.8536E-01
2.7542E-10 3.6746E+01
2.9512E-10 2.0173E+00
3.1623E-10 1.3892E+01
3.3884E-10 3.2311E+01
3.6308E-10 9.2860E+00
3.8905E-10 2.3001E+01
4.1687E-10 4.6890E+01
4.4668E-10 8.3641E+01
4.7863E-10 6.0692E+00
5.1286E-10 6.0307E+01
5.4954E-10 6.4001E+01
5.8884E-10 3.3331E+01
6.3096E-10 1.7668E+02
6.7608E-10 9.4040E+01
7.2444E-10 1.0076E+02
7.7625E-10 1.2993E+02
8.3176E-10 8.7608E+01
8.9125E-10 3.2957E+02
9.5499E-10 1.0577E+02
1.0233E-09 1.1773E+02
1.0965E-09 1.2889E+02
1.1749E-09 3.2718E+02
1.2589E-09 5.8168E+02
1.3490E-09 2.7832E+02
1.4454E-09 1.3029E+02
1.5488E-09 3.7866E+02
1.6596E-09 7.1607E+02
1.7783E-09 7.1207E+02
1.9055E-09 4.5009E+02
2.0417E-09 7.4689E+02
2.1878E-09 7.1463E+02
2.3442E-09 9.4203E+02
2.5119E-09 6.9897E+02
2.6915E-09 1.6089E+03
2.8840E-09 1.1966E+03
3.0903E-09 9.5197E+02
3.3113E-09 1.3540E+03
3.5481E-09 1.7644E+03
3.8019E-09 1.1328E+03
4.0738E-09 1.2922E+03
4.3652E-09 1.8073E+03
4.6774E-09 2.2365E+03
5.0119E-09 1.9968E+03
5.3703E-09 2.2876E+03
5.7544E-09 2.1225E+03
6.1660E-09 3.4498E+03
6.6069E-09 3.0436E+03
7.0795E-09 2.7061E+03
7.5858E-09 3.2986E+03
8.1283E-09 3.7554E+03
8.7096E-09 3.6170E+03
9.3325E-09 2.4926E+03
1.0000E-08 5.1182E+03
1.0715E-08 2.4929E+03
1.1482E-08 6.2218E+03
1.2303E-08 5.2131E+03
1.3183E-08 4.6512E+03
1.4125E-08 4.5505E+03
1.5136E-08 3.7334E+03
1.6218E-08 4.9228E+03
1.7378E-08 5.0802E+03
1.8621E-08 6.1550E+03
1.9953E-08 5.2607E+03
2.1380E-08 4.4205E+03
2.2909E-08 5.0429E+03
2.4547E-08 3.9889E+03
2.6303E-08 4.6600E+03
2.8184E-08 4.7052E+03
3.0200E-08 4.8061E+03
3.2359E-08 4.3706E+03
3.4674E-08 4.1529E+03
3.7154E-08 3.3515E+03
3.9811E-08 3.4977E+03
4.2658E-08 4.3258E+03
4.5709E-08 3.4991E+03
4.8978E-08 2.8139E+03
5.2481E-08 2.8063E+03
5.6234E-08 2.3021E+03
6.0256E-08 3.5770E+03
6.4565E-08 2.5129E+03
6.9183E-08 2.5431E+03
7.4131E-08 2.6157E+03
7.9433E-08 3.2196E+03
8.5114E-08 3.3548E+03
9.1201E-08 3.6668E+03
9.7724E-08 2.5986E+03
1.0471E-07 3.0796E+03
1.1220E-07 2.2826E+03
1.2023E-07 2.5646E+03
1.2882E-07 2.7695E+03
1.3804E-07 3.0574E+03
1.4791E-07 3.9333E+03
1.5849E-07 4.0107E+03
1.6982E-07 2.5639E+03
1.8197E-07 2.6197E+03
1.9498E-07 3.3513E+03
2.0893E-07 2.2740E+03
2.2387E-07 3.5370E+03
2.3988E-07 3.1657E+03
2.5704E-07 2.7988E+03
2.7542E-07 3.6246E+03
2.9512E-07 4.5014E+03
3.1623E-07 4.2964E+03
3.3884E-07 2.9778E+03
3.6308E-07 3.5412E+03
3.8905E-07 3.4825E+03
4.1687E-07 3.7685E+03
4.4668E-07 4.7610E+03
4.7863E-07 2.7934E+03
5.1286E-07 3.7220E+03
5.4954E-07 4.4121E+03
5.8884E-07 3.7936E+03
6.3096E-07 3.4442E+03
6.7608E-07 4.6561E+03
7.2444E-07 4.1121E+03
7.7625E-07 4.0208E+03
8.3176E-07 4.1559E+03
8.9125E-07 4.5032E+03
9.5499E-07 3.9847E+03
1.0233E-06 5.2270E+03
1.0965E-06 4.5894E+03
1.1749E-06 6.0339E+03
1.2589E-06 3.8271E+03
1.3490E-06 5.0004E+03
1.4454E-06 5.3297E+03
1.5488E-06 5.2395E+03
1.6596E-06 5.4573E+03
1.7783E-06 3.6197E+03
1.9055E-06 3.3538E+03
2.0417E-06 6.0199E+03
2.1878E-06 4.4401E+03
2.3442E-06 4.6825E+03
2.5119E-06 6.2597E+03
2.6915E-06 4.5997E+03
2.8840E-06 4.1399E+03
3.0903E-06 4.6918E+03
3.3113E-06 5.1443E+03
3.5481E-06 7.2386E+03
3.8019E-06 5.0052E+03
4.0738E-06 5.7934E+03
4.3652E-06 6.1580E+03
4.6774E-06 7.1148E+03
5.0119E-06 6.3980E+03
5.3703E-06 7.2952E+03
5.7544E-06 6.7547E+03
6.1660E-06 7.3468E+03
6.6069E-06 7.9265E+03
7.0795E-06 7.9727E+03
7.5858E-06 9.7811E+03
8.1283E-06 1.1267E+04
8.7096E-06 9.3620E+03
9.3325E-06 1.2082E+04
1.0000E-05 1.0803E+04
1.0715E-05 1.2572E+04
1.1482E-05 1.4693E+04
1.2303E-05 1.4835E+04
1.3183E-05 1.4690E+04
1.4125E-05 1.7334E+04
1.5136E-05 1.7000E+04
1.6218E-05 2.3186E+04
1.7378E-05 2.2675E+04
1.8621E-05 2.4599E+04
1.9953E-05 2.8366E+04
2.1380E-05 3.0350E+04
2.2909E-05 3.0074E+04
2.4547E-05 3.3322E+04
2.6303E-05 3.9507E+04
2.8184E-05 4.0502E+04
3.0200E-05 4.5375E+04
3.2359E-05 4.6723E+04
3.4674E-05 5.1257E+04
3.7154E-05 5.5603E+04
3.9811E-05 5.9699E+04
4.2658E-05 6.2033E+04
4.5709E-05 6.6300E+04
4.8978E-05 6.9021E+04
5.2481E-05 7.3450E+04
5.6234E-05 7.7159E+04
6.0256E-05 8.6524E+04
6.4565E-05 9.2006E+04
6.9183E-05 9.4029E+04
7.4131E-05 1.0314E+05
7.9433E-05 1.0542E+05
8.5114E-05 1.1287E+05
9.1201E-05 1.1868E+05
9.7724E-05 1.2521E+05
1.0471E-04 1.2771E+05
1.1220E-04 1.3403E+05
1.2023E-04 1.4047E+05
1.2882E-04 1.4717E+05
1.3804E-04 1.5168E+05
1.4791E-04 1.6108E+05
1.5849E-04 1.6690E+05
1.6982E-04 1.7088E+05
1.8197E-04 1.8202E+05
1.9498E-04 1.9131E+05
2.0893E-04 1.9989E+05
2.2387E-04 2.0387E+05
2.3988E-04 2.0453E+05
2.5704E-04 2.1288E+05
2.7542E-04 2.2042E+05
2.9512E-04 2.2338E+05
3.1623E-04 2.3274E+05
3.3884E-04 2.3928E+05
3.6308E-04 2.4592E+05
3.8905E-04 2.5342E+05
4.1687E-04 2.5965E+05
4.4668E-04 2.6555E+05
4.7863E-04 2.7701E+05
5.1286E-04 2.8309E+05
5.4954E-04 2.8851E+05
5.8884E-04 2.9792E+05
6.3096E-04 2.9999E+05
6.7608E-04 3.0894E+05
7.2444E-04 3.1760E+05
7.7625E-04 3.2459E+05
8.3176E-04 3.3076E+05
8.9125E-04 3.3818E+05
9.5499E-04 3.4273E+05
1.0233E-03 3.4971E+05
1.0965E-03 3.5268E+05
1.1749E-03 3.6059E+05
1.2589E-03 3.6617E+05
1.3490E-03 3.7237E+05
1.4454E-03 3.7860E+05
1.5488E-03 3.8423E+05
1.6596E-03 3.9084E+05
1.7783E-03 3.9282E+05
1.9055E-03 3.9751E+05
2.0417E-03 4.0146E+05
2.1878E-03 4.0673E+05
2.3442E-03 4.1434E+05
2.5119E-03 4.2543E+05
2.6915E-03 4.3223E+05
2.8840E-03 4.3243E+05
3.0903E-03 4.3884E+05
3.3113E-03 4.4111E+05
3.5481E-03 4.4463E+05
3.8019E-03 4.4243E+05
4.0738E-03 4.4797E+05
4.3652E-03 4.5396E+05
4.6774E-03 4.6718E+05
5.0119E-03 4.8162E+05
5.3703E-03 4.7871E+05
5.7544E-03 4.6958E+05
6.1660E-03 4.5207E+05
6.6069E-03 4.5901E+05
7.0795E-03 4.5782E+05
7.5858E-03 4.6788E+05
8.1283E-03 4.7217E+05
8.7096E-03 4.7284E+05
9.3325E-03 4.8521E+05
1.0000E-02 4.9323E+05
1.0715E-02 4.9566E+05
1.1482E-02 5.0598E+05
1.2303E-02 5.2006E+05
1.3183E-02 5.2472E+05
1.4125E-02 5.2737E+05
1.5136E-02 5.2933E+05
1.6218E-02 5.2933E+05
1.7378E-02 5.3201E+05
1.8621E-02 5.4902E+05
1.9953E-02 5.4954E+05
2.1380E-02 5.4846E+05
2.2909E-02 5.8419E+05
2.4547E-02 6.3334E+05
2.6303E-02 6.3753E+05
2.8184E-02 6.4046E+05
3.0200E-02 6.8117E+05
3.2359E-02 6.8334E+05
3.4674E-02 6.8921E+05
3.7154E-02 5.8568E+05
3.9811E-02 5.3199E+05
4.2658E-02 5.4020E+05
4.5709E-02 5.8198E+05
4.8978E-02 6.6846E+05
5.2481E-02 6.7136E+05
5.6234E-02 6.8026E+05
6.0256E-02 7.9570E+05
6.4565E-02 8.0746E+05
6.9183E-02 8.1169E+05
7.4131E-02 8.3651E+05
7.9433E-02 8.4686E+05
8.5114E-02 8.6175E+05
9.1201E-02 8.3069E+05
9.7724E-02 7.5848E+05
1.0471E-01 7.6668E+05
1.1220E-01 7.7917E+05
1.2023E-01 1.0858E+06
1.2882E-01 1.0980E+06
1.3804E-01 1.1038E+06
1.4791E-01 8.9332E+05
1.5849E-01 7.8832E+05
1.6982E-01 7.9747E+05
1.8197E-01 8.6743E+05
1.9498E-01 9.9328E+05
2.0893E-01 1.0003E+06
2.2387E-01 1.0140E+06
2.3988E-01 1.1416E+06
2.5704E-01 1.1567E+06
2.7542E-01 1.1671E+06
2.9512E-01 1.1312E+06
3.1623E-01 1.1209E+06
3.3884E-01 1.1243E+06
3.6308E-01 1.1255E+06
3.8905E-01 1.0967E+06
4.1687E-01 1.0004E+06
4.4668E-01 6.9729E+05
4.7863E-01 9.7240E+05
5.1286E-01 1.1365E+06
5.4954E-01 1.2135E+06
5.8884E-01 1.2376E+06
6.3096E-01 1.2764E+06
6.7608E-01 1.2501E+06
7.2444E-01 1.2375E+06
7.7625E-01 1.1797E+06
8.3176E-01 1.2132E+06
8.9125E-01 1.2509E+06
9.5499E-01 2.3268E+06
1.0233E+00 1.7339E+06
1.0965E+00 7.1595E+05
1.1749E+00 7.0540E+05
1.2589E+00 6.3964E+05
1.3490E+00 5.9249E+05
1.4454E+00 6.6672E+05
1.5488E+00 7.2507E+05
1.6596E+00 5.6809E+05
1.7783E+00 4.8941E+05
1.9055E+00 4.9274E+05
2.0417E+00 5.2086E+05
2.1878E+00 5.2916E+05
2.3442E+00 5.3576E+05
2.5119E+00 5.1393E+05
2.6915E+00 2.7283E+05
2.8840E+00 2.8023E+05
3.0903E+00 2.8209E+05
3.3113E+00 2.8157E+05
3.5481E+00 2.7778E+05
3.8019E+00 2.7622E+05
4.0738E+00 2.4194E+05
4.3652E+00 1.5730E+05
4.6774E+00 1.6081E+05
5.0119E+00 1.6439E+05
5.3703E+00 1.6232E+05
5.7544E+00 1.6463E+05
6.1660E+00 1.6456E+05
6.6069E+00 1.1653E+05
7.0795E+00 9.5997E+04
7.5858E+00 9.3456E+04
8.1283E+00 9.1926E+04
8.7096E+00 9.5919E+04
9.3325E+00 9.6164E+04
1.0000E+01 9.5151E+04
1.0715E+01 6.6221E+04
1.1482E+01 6.5413E+04
1.2303E+01 6.5074E+04
1.3183E+01 6.4867E+04
1.4125E+01 6.5146E+04
1.5136E+01 6.4772E+04
1.6218E+01 5.7906E+04
1.7378E+01 4.4400E+04
1.8621E+01 4.4454E+04
1.9953E+01 4.4449E+04
2.1380E+01 4.4540E+04
2.2909E+01 4.4839E+04
2.4547E+01 4.4985E+04
2.6303E+01 3.6025E+04
2.8184E+01 3.1518E+04
3.0200E+01 3.1846E+04
3.2359E+01 3.1906E+04
3.4674E+01 3.2262E+04
3.7154E+01 3.2560E+04
3.9811E+01 3.2889E+04
4.2658E+01 2.1652E+04
4.5709E+01 2.1849E+04
4.8978E+01 2.2080E+04
5.2481E+01 2.2302E+04
5.6234E+01 2.2462E+04
6.0256E+01 2.2818E+04
6.4565E+01 1.9662E+04
6.9183E+01 1.3118E+04
7.4131E+01 1.3146E+04
7.9433E+01 1.3370E+04
8.5114E+01 1.3422E+04
9.1201E+01 1.3562E+04
9.7724E+01 1.3647E+04
1.0471E+02 7.9842E+03
1.1220E+02 5.1355E+03
1.2023E+02 5.1416E+03
1.2882E+02 5.1474E+03
1.3804E+02 5.2153E+03
1.4791E+02 5.2120E+03
1.5849E+02 5.2141E+03
1.6982E+02 1.1505E+03
1.8197E+02 1.1546E+03
1.9498E+02 1.1537E+03
2.0893E+02 1.1550E+03
2.2387E+02 1.1533E+03
2.3988E+02 1.1530E+03
2.5704E+02 8.4482E+02
2.7542E+02 2.2824E+02
2.9512E+02 2.2803E+02
3.1623E+02 2.2830E+02
3.3884E+02 2.2835E+02
3.6308E+02 2.2821E+02
3.8905E+02 2.2764E+02
4.1687E+02 7.6128E+01
4.4668E+02 0.0000E+00
4.7863E+02 0.0000E+00
5.1286E+02 0.0000E+00
5.4954E+02 0.0000E+00
5.8884E+02 0.0000E+00
6.3096E+02 0.0000E+00
6.7608E+02 0.0000E+00
7.2444E+02 0.0000E+00
7.7625E+02 0.0000E+00
8.3176E+02 0.0000E+00
8.9125E+02 0.0000E+00
9.5499E+02 0.0000E+00
1.0233E+03 0.0000E+00
1.0965E+03 0.0000E+00
1.1749E+03 0.0000E+00
1.2589E+03 0.0000E+00
1.3490E+03 0.0000E+00
1.4454E+03 0.0000E+00
1.5488E+03 0.0000E+00
1.6596E+03 0.0000E+00
1.7783E+03 0.0000E+00
1.9055E+03 0.0000E+00
2.0417E+03 0.0000E+00
2.1878E+03 0.0000E+00
2.3442E+03 0.0000E+00
2.5119E+03 0.0000E+00
2.6915E+03 0.0000E+00
2.8840E+03 0.0000E+00
3.0903E+03 0.0000E+00
3.3113E+03 0.0000E+00
3.5481E+03 0.0000E+00
3.8019E+03 0.0000E+00
4.0738E+03 0.0000E+00
4.3652E+03 0.0000E+00
4.6774E+03 0.0000E+00
5.0119E+03 0.0000E+00
5.3703E+03 0.0000E+00
5.7544E+03 0.0000E+00
6.1660E+03 0.0000E+00
6.6069E+03 0.0000E+00
7.0795E+03 0.0000E+00
7.5858E+03 0.0000E+00
8.1283E+03 0.0000E+00
8.7096E+03 0.0000E+00
9.3325E+03 0.0000E+00
1.0000E+04 0.0000E+00
