1.0000E-11 2.9551E-05
1.0715E-11 3.5700E-02
1.1482E-11 1.5045E-02
1.2303E-11 5.4967E-02
1.3183E-11 2.4538E-02
1.4125E-11 1.2120E-01
1.5136E-11 9.6269E-02
1.6218E-11 1.2522E-02
1.7378E-11 1.3216E+00
1.8621E-11 3.1622E-01
1.9953E-11 3.9787E-02
2.1380E-11 4.5938E-02
2.2909E-11 5.4735E-02
2.4547E-11 1.2303E-01
2.6303E-11 1.3287E-01
2.8184E-11 1.1322E-01
3.0200E-11 1.5080E-01
3.2359E-11 3.6240E-01
3.4674E-11 9.6521E-02
3.7154E-11 1.9859E-01
3.9811E-11 2.8575E-01
4.2658E-11 1.4112E-01
4.5709E-11 7.2808E-01
4.8978E-11 6.8069E-01
5.2481E-11 6.5224E-01
5.6234E-11 7.7664E-01
6.0256E-11 1.1039E+00
6.4565E-11 6.3281E-01
6.9183E-11 1.4390E+00
7.4131E-11 8.6687E-01
7.9433E-11 1.0065E+00
8.5114E-11 3.0755E+02
9.1201E-11 9.2606E+02
9.7724E-11 9.2882E+02
1.0471E-10 9.3522E+02
1.1220E-10 1.8188E+03
1.2023E-10 1.8319E+03
1.2882E-10 1.8399E+03
1.3804E-10 2.6540E+03
1.4791E-10 3.0738E+03
1.5849E-10 3.0874E+03
1.6982E-10 4.0635E+03
1.8197E-10 6.0177E+03
1.9498E-10 6.0432E+03
2.0893E-10 6.0542E+03
2.2387E-10 9.4504E+03
2.3988E-10 9.5037E+03
2.5704E-10 9.5056E+03
2.7542E-10 1.0556E+04
2.9512E-10 1.1129E+04
3.1623E-10 1.1135E+04
3.3884E-10 1.3435E+04
3.6308E-10 1.8019E+04
3.8905E-10 1.8033E+04
4.1687E-10 1.8046E+04
4.4668E-10 3.4539E+04
4.7863E-10 3.4614E+04
5.1286E-10 3.4646E+04
5.4954E-10 3.8366E+04
5.8884E-10 4.0177E+04
6.3096E-10 4.0285E+04
6.7608E-10 4.9763E+04
7.2444E-10 6.8418E+04
7.7625E-10 6.8472E+04
8.3176E-10 6.8680E+04
8.9125E-10 1.0017E+05
9.5499E-10 1.0045E+05
1.0233E-09 1.0042E+05
1.0965E-09 1.1623E+05
1.1749E-09 1.2414E+05
1.2589E-09 1.2430E+05
1.3490E-09 1.3636E+05
1.4454E-09 1.6049E+05
1.5488E-09 1.6012E+05
1.6596E-09 1.6062E+05
1.7783E-09 2.2933E+05
1.9055E-09 2.2934E+05
2.0417E-09 2.2990E+05
2.1878E-09 3.0030E+05
2.3442E-09 3.3671E+05
2.5119E-09 3.3833E+05
2.6915E-09 3.7456E+05
2.8840E-09 4.4987E+05
3.0903E-09 4.4895E+05
3.3113E-09 4.4994E+05
3.5481E-09 5.7443E+05
3.8019E-09 5.7663E+05
4.0738E-09 5.7633E+05
4.3652E-09 6.7693E+05
4.6774E-09 7.2912E+05
5.0119E-09 7.2986E+05
5.3703E-09 7.8557E+05
5.7544E-09 8.9908E+05
6.1660E-09 8.9924E+05
6.6069E-09 8.9915E+05
7.0795E-09 9.8704E+05
7.5858E-09 9.8979E+05
8.1283E-09 9.8741E+05
8.7096E-09 1.1331E+06
9.3325E-09 1.2029E+06
1.0000E-08 1.2055E+06
1.0715E-08 1.2162E+06
1.1482E-08 1.2299E+06
1.2303E-08 1.2282E+06
1.3183E-08 1.2306E+06
1.4125E-08 1.0995E+06
1.5136E-08 1.0973E+06
1.6218E-08 1.0969E+06
1.7378E-08 9.5280E+05
1.8621E-08 8.7867E+05
1.9953E-08 8.7820E+05
2.1380E-08 8.2849E+05
2.2909E-08 7.2717E+05
2.4547E-08 7.2783E+05
2.6303E-08 7.2961E+05
2.8184E-08 6.6290E+05
3.0200E-08 6.6230E+05
3.2359E-08 6.6271E+05
3.4674E-08 5.8105E+05
3.7154E-08 5.4259E+05
3.9811E-08 5.4164E+05
4.2658E-08 5.2307E+05
4.5709E-08 4.8533E+05
4.8978E-08 4.8567E+05
5.2481E-08 4.8627E+05
5.6234E-08 4.7696E+05
6.0256E-08 4.7501E+05
6.4565E-08 4.7688E+05
6.9183E-08 5.0043E+05
7.4131E-08 5.1266E+05
7.9433E-08 5.1268E+05
8.5114E-08 5.1875E+05
9.1201E-08 5.3400E+05
9.7724E-08 5.3393E+05
1.0471E-07 5.3392E+05
1.1220E-07 6.2292E+05
1.2023E-07 6.2407E+05
1.2882E-07 6.2428E+05
1.3804E-07 6.4875E+05
1.4791E-07 6.6021E+05
1.5849E-07 6.6111E+05
1.6982E-07 6.7525E+05
1.8197E-07 7.0562E+05
1.9498E-07 7.0450E+05
2.0893E-07 7.0426E+05
2.2387E-07 6.5480E+05
2.3988E-07 6.5398E+05
2.5704E-07 6.5466E+05
2.7542E-07 6.6578E+05
2.9512E-07 6.7167E+05
3.1623E-07 6.7171E+05
3.3884E-07 7.0040E+05
3.6308E-07 7.5474E+05
3.8905E-07 7.5497E+05
4.1687E-07 7.5552E+05
4.4668E-07 7.5269E+05
4.7863E-07 7.5232E+05
5.1286E-07 7.5333E+05
5.4954E-07 7.8213E+05
5.8884E-07 7.9670E+05
6.3096E-07 7.9594E+05
6.7608E-07 8.1591E+05
7.2444E-07 8.5206E+05
7.7625E-07 8.5222E+05
8.3176E-07 8.5046E+05
8.9125E-07 9.1968E+05
9.5499E-07 9.1817E+05
1.0233E-06 9.2015E+05
1.0965E-06 9.3610E+05
1.1749E-06 9.4339E+05
1.2589E-06 9.4490E+05
1.3490E-06 9.6125E+05
1.4454E-06 9.8906E+05
1.5488E-06 9.9013E+05
1.6596E-06 9.8984E+05
1.7783E-06 9.9408E+05
1.9055E-06 9.9346E+05
2.0417E-06 9.9463E+05
2.1878E-06 1.0007E+06
2.3442E-06 1.0042E+06
2.5119E-06 1.0084E+06
2.6915E-06 1.0154E+06
2.8840E-06 1.0361E+06
3.0903E-06 1.0350E+06
3.3113E-06 1.0357E+06
3.5481E-06 1.0599E+06
3.8019E-06 1.0578E+06
4.0738E-06 1.0587E+06
4.3652E-06 1.0660E+06
4.6774E-06 1.0718E+06
5.0119E-06 1.0720E+06
5.3703E-06 1.0915E+06
5.7544E-06 1.1334E+06
6.1660E-06 1.1317E+06
6.6069E-06 1.1335E+06
7.0795E-06 1.1636E+06
7.5858E-06 1.1630E+06
8.1283E-06 1.1614E+06
8.7096E-06 1.1734E+06
9.3325E-06 1.1801E+06
1.0000E-05 1.1788E+06
1.0715E-05 1.1856E+06
1.1482E-05 1.1998E+06
1.2303E-05 1.2010E+06
1.3183E-05 1.2016E+06
1.4125E-05 1.2269E+06
1.5136E-05 1.2290E+06
1.6218E-05 1.2254E+06
1.7378E-05 1.2747E+06
1.8621E-05 1.2994E+06
1.9953E-05 1.3027E+06
2.1380E-05 1.2863E+06
2.2909E-05 1.2602E+06
2.4547E-05 1.2597E+06
2.6303E-05 1.2597E+06
2.8184E-05 1.2984E+06
3.0200E-05 1.2976E+06
3.2359E-05 1.3006E+06
3.4674E-05 1.3087E+06
3.7154E-05 1.3087E+06
3.9811E-05 1.3124E+06
4.2658E-05 1.3167E+06
4.5709E-05 1.3241E+06
4.8978E-05 1.3236E+06
5.2481E-05 1.3258E+06
5.6234E-05 1.3658E+06
6.0256E-05 1.3663E+06
6.4565E-05 1.3656E+06
6.9183E-05 1.3919E+06
7.4131E-05 1.4005E+06
7.9433E-05 1.4026E+06
8.5114E-05 1.4048E+06
9.1201E-05 1.4063E+06
9.7724E-05 1.4079E+06
1.0471E-04 1.4028E+06
1.1220E-04 1.4002E+06
1.2023E-04 1.4023E+06
1.2882E-04 1.4023E+06
1.3804E-04 1.4173E+06
1.4791E-04 1.4221E+06
1.5849E-04 1.4256E+06
1.6982E-04 1.4435E+06
1.8197E-04 1.4795E+06
1.9498E-04 1.4811E+06
2.0893E-04 1.4820E+06
2.2387E-04 1.4472E+06
2.3988E-04 1.4491E+06
2.5704E-04 1.4506E+06
2.7542E-04 1.4580E+06
2.9512E-04 1.4614E+06
3.1623E-04 1.4637E+06
3.3884E-04 1.4625E+06
3.6308E-04 1.4700E+06
3.8905E-04 1.4641E+06
4.1687E-04 1.4702E+06
4.4668E-04 1.5076E+06
4.7863E-04 1.5049E+06
5.1286E-04 1.5074E+06
5.4954E-04 1.5119E+06
5.8884E-04 1.5138E+06
6.3096E-04 1.5094E+06
6.7608E-04 1.5196E+06
7.2444E-04 1.5309E+06
7.7625E-04 1.5320E+06
8.3176E-04 1.5309E+06
8.9125E-04 1.5370E+06
9.5499E-04 1.5390E+06
1.0233E-03 1.5400E+06
1.0965E-03 1.5417E+06
1.1749E-03 1.5426E+06
1.2589E-03 1.5411E+06
1.3490E-03 1.5514E+06
1.4454E-03 1.5524E+06
1.5488E-03 1.5554E+06
1.6596E-03 1.5514E+06
1.7783E-03 1.5382E+06
1.9055E-03 1.5392E+06
2.0417E-03 1.5407E+06
2.1878E-03 1.5639E+06
2.3442E-03 1.5775E+06
2.5119E-03 1.5807E+06
2.6915E-03 1.5769E+06
2.8840E-03 1.5769E+06
3.0903E-03 1.5765E+06
3.3113E-03 1.5790E+06
3.5481E-03 1.5522E+06
3.8019E-03 1.5536E+06
4.0738E-03 1.5543E+06
4.3652E-03 1.5925E+06
4.6774E-03 1.6194E+06
5.0119E-03 1.6131E+06
5.3703E-03 1.5713E+06
5.7544E-03 1.4968E+06
6.1660E-03 1.4989E+06
6.6069E-03 1.4986E+06
7.0795E-03 1.5153E+06
7.5858E-03 1.5149E+06
8.1283E-03 1.5179E+06
8.7096E-03 1.5394E+06
9.3325E-03 1.5505E+06
1.0000E-02 1.5533E+06
1.0715E-02 1.5688E+06
1.1482E-02 1.6002E+06
1.2303E-02 1.6024E+06
1.3183E-02 1.6004E+06
1.4125E-02 1.5837E+06
1.5136E-02 1.5778E+06
1.6218E-02 1.5780E+06
1.7378E-02 1.6021E+06
1.8621E-02 1.6149E+06
1.9953E-02 1.6120E+06
2.1380E-02 1.6760E+06
2.2909E-02 1.7966E+06
2.4547E-02 1.7993E+06
2.6303E-02 1.7943E+06
2.8184E-02 1.8964E+06
3.0200E-02 1.8955E+06
3.2359E-02 1.8993E+06
3.4674E-02 1.5946E+06
3.7154E-02 1.4471E+06
3.9811E-02 1.4469E+06
4.2658E-02 1.5510E+06
4.5709E-02 1.7649E+06
4.8978E-02 1.7630E+06
5.2481E-02 1.7672E+06
5.6234E-02 2.0438E+06
6.0256E-02 2.0447E+06
6.4565E-02 2.0428E+06
6.9183E-02 2.0882E+06
7.4131E-02 2.1076E+06
7.9433E-02 2.1085E+06
8.5114E-02 2.0042E+06
9.1201E-02 1.8067E+06
9.7724E-02 1.8030E+06
1.0471E-01 1.8083E+06
1.1220E-01 2.5071E+06
1.2023E-01 2.5095E+06
1.2882E-01 2.5128E+06
1.3804E-01 2.0139E+06
1.4791E-01 1.7637E+06
1.5849E-01 1.7698E+06
1.6982E-01 1.8928E+06
1.8197E-01 2.1485E+06
1.9498E-01 2.1511E+06
2.0893E-01 2.1543E+06
2.2387E-01 2.3979E+06
2.3988E-01 2.3979E+06
2.5704E-01 2.4007E+06
2.7542E-01 2.2980E+06
2.9512E-01 2.2532E+06
3.1623E-01 2.2434E+06
3.3884E-01 2.2255E+06
3.6308E-01 2.1799E+06
3.8905E-01 2.1754E+06
4.1687E-01 2.1606E+06
4.4668E-01 2.1820E+06
4.7863E-01 2.1815E+06
5.1286E-01 2.1867E+06
5.4954E-01 2.1363E+06
5.8884E-01 2.1220E+06
6.3096E-01 2.1209E+06
6.7608E-01 2.0382E+06
7.2444E-01 1.8791E+06
7.7625E-01 1.8793E+06
8.3176E-01 1.8864E+06
8.9125E-01 3.4659E+06
9.5499E-01 2.6755E+06
1.0233E+00 1.1150E+06
1.0965E+00 1.1168E+06
1.1749E+00 1.1173E+06
1.2589E+00 1.1172E+06
1.3490E+00 1.1157E+06
1.4454E+00 1.1167E+06
1.5488E+00 8.6853E+05
1.6596E+00 7.4443E+05
1.7783E+00 7.4751E+05
1.9055E+00 7.4692E+05
2.0417E+00 7.4709E+05
2.1878E+00 7.4781E+05
2.3442E+00 7.4890E+05
2.5119E+00 3.9756E+05
2.6915E+00 3.9837E+05
2.8840E+00 3.9944E+05
3.0903E+00 3.9775E+05
3.3113E+00 3.9822E+05
3.5481E+00 3.9872E+05
3.8019E+00 3.3947E+05
4.0738E+00 2.1986E+05
4.3652E+00 2.1988E+05
4.6774E+00 2.1928E+05
5.0119E+00 2.1992E+05
5.3703E+00 2.1896E+05
5.7544E+00 2.1951E+05
6.1660E+00 1.5652E+05
6.6069E+00 1.2425E+05
7.0795E+00 1.2470E+05
7.5858E+00 1.2481E+05
8.1283E+00 1.2444E+05
8.7096E+00 1.2486E+05
9.3325E+00 1.2487E+05
1.0000E+01 8.6815E+04
1.0715E+01 8.6546E+04
1.1482E+01 8.6645E+04
1.2303E+01 8.6577E+04
1.3183E+01 8.6618E+04
1.4125E+01 8.6669E+04
1.5136E+01 7.7525E+04
1.6218E+01 5.9100E+04
1.7378E+01 5.9213E+04
1.8621E+01 5.9258E+04
1.9953E+01 5.9232E+04
2.1380E+01 5.9142E+04
2.2909E+01 5.9177E+04
2.4547E+01 4.7127E+04
2.6303E+01 4.1031E+04
2.8184E+01 4.1113E+04
3.0200E+01 4.1055E+04
3.2359E+01 4.1064E+04
3.4674E+01 4.1151E+04
3.7154E+01 4.0943E+04
3.9811E+01 2.6717E+04
4.2658E+01 2.6756E+04
4.5709E+01 2.6739E+04
4.8978E+01 2.6725E+04
5.2481E+01 2.6731E+04
5.6234E+01 2.6805E+04
6.0256E+01 2.2881E+04
6.4565E+01 1.5105E+04
6.9183E+01 1.5042E+04
7.4131E+01 1.5105E+04
7.9433E+01 1.5051E+04
8.5114E+01 1.5089E+04
9.1201E+01 1.5080E+04
9.7724E+01 8.7603E+03
1.0471E+02 5.6054E+03
1.1220E+02 5.5878E+03
1.2023E+02 5.5663E+03
1.2882E+02 5.6082E+03
1.3804E+02 5.5918E+03
1.4791E+02 5.5786E+03
1.5849E+02 1.2273E+03
1.6982E+02 1.2285E+03
1.8197E+02 1.2269E+03
1.9498E+02 1.2278E+03
2.0893E+02 1.2243E+03
2.2387E+02 1.2241E+03
2.3988E+02 8.9651E+02
2.5704E+02 2.4185E+02
2.7542E+02 2.4181E+02
2.9512E+02 2.4184E+02
3.1623E+02 2.4198E+02
3.3884E+02 2.4170E+02
3.6308E+02 2.4171E+02
3.8905E+02 8.0839E+01
4.1687E+02 0.0000E+00
4.4668E+02 0.0000E+00
4.7863E+02 0.0000E+00
5.1286E+02 0.0000E+00
5.4954E+02 0.0000E+00
5.8884E+02 0.0000E+00
6.3096E+02 0.0000E+00
6.7608E+02 0.0000E+00
7.2444E+02 0.0000E+00
7.7625E+02 0.0000E+00
8.3176E+02 0.0000E+00
8.9125E+02 0.0000E+00
9.5499E+02 0.0000E+00
1.0233E+03 0.0000E+00
1.0965E+03 0.0000E+00
1.1749E+03 0.0000E+00
1.2589E+03 0.0000E+00
1.3490E+03 0.0000E+00
1.4454E+03 0.0000E+00
1.5488E+03 0.0000E+00
1.6596E+03 0.0000E+00
1.7783E+03 0.0000E+00
1.9055E+03 0.0000E+00
2.0417E+03 0.0000E+00
2.1878E+03 0.0000E+00
2.3442E+03 0.0000E+00
2.5119E+03 0.0000E+00
2.6915E+03 0.0000E+00
2.8840E+03 0.0000E+00
3.0903E+03 0.0000E+00
3.3113E+03 0.0000E+00
3.5481E+03 0.0000E+00
3.8019E+03 0.0000E+00
4.0738E+03 0.0000E+00
4.3652E+03 0.0000E+00
4.6774E+03 0.0000E+00
5.0119E+03 0.0000E+00
5.3703E+03 0.0000E+00
5.7544E+03 0.0000E+00
6.1660E+03 0.0000E+00
6.6069E+03 0.0000E+00
7.0795E+03 0.0000E+00
7.5858E+03 0.0000E+00
8.1283E+03 0.0000E+00
8.7096E+03 0.0000E+00
9.3325E+03 0.0000E+00
1.0000E+04 0.0000E+00
