1.0000E-11 0.0000E+00
1.0715E-11 0.0000E+00
1.1482E-11 0.0000E+00
1.2303E-11 0.0000E+00
1.3183E-11 0.0000E+00
1.4125E-11 0.0000E+00
1.5136E-11 0.0000E+00
1.6218E-11 0.0000E+00
1.7378E-11 0.0000E+00
1.8621E-11 0.0000E+00
1.9953E-11 0.0000E+00
2.1380E-11 0.0000E+00
2.2909E-11 0.0000E+00
2.4547E-11 0.0000E+00
2.6303E-11 0.0000E+00
2.8184E-11 0.0000E+00
3.0200E-11 0.0000E+00
3.2359E-11 0.0000E+00
3.4674E-11 0.0000E+00
3.7154E-11 0.0000E+00
3.9811E-11 0.0000E+00
4.2658E-11 0.0000E+00
4.5709E-11 0.0000E+00
4.8978E-11 0.0000E+00
5.2481E-11 0.0000E+00
5.6234E-11 0.0000E+00
6.0256E-11 0.0000E+00
6.4565E-11 0.0000E+00
6.9183E-11 0.0000E+00
7.4131E-11 0.0000E+00
7.9433E-11 0.0000E+00
8.5114E-11 0.0000E+00
9.1201E-11 0.0000E+00
9.7724E-11 0.0000E+00
1.0471E-10 0.0000E+00
1.1220E-10 0.0000E+00
1.2023E-10 0.0000E+00
1.2882E-10 0.0000E+00
1.3804E-10 0.0000E+00
1.4791E-10 0.0000E+00
1.5849E-10 0.0000E+00
1.6982E-10 0.0000E+00
1.8197E-10 0.0000E+00
1.9498E-10 0.0000E+00
2.0893E-10 0.0000E+00
2.2387E-10 0.0000E+00
2.3988E-10 0.0000E+00
2.5704E-10 0.0000E+00
2.7542E-10 0.0000E+00
2.9512E-10 0.0000E+00
3.1623E-10 0.0000E+00
3.3884E-10 1.7513E+01
3.6308E-10 0.0000E+00
3.8905E-10 0.0000E+00
4.1687E-10 0.0000E+00
4.4668E-10 0.0000E+00
4.7863E-10 0.0000E+00
5.1286E-10 0.0000E+00
5.4954E-10 0.0000E+00
5.8884E-10 0.0000E+00
6.3096E-10 0.0000E+00
6.7608E-10 0.0000E+00
7.2444E-10 0.0000E+00
7.7625E-10 0.0000E+00
8.3176E-10 0.0000E+00
8.9125E-10 0.0000E+00
9.5499E-10 0.0000E+00
1.0233E-09 0.0000E+00
1.0965E-09 0.0000E+00
1.1749E-09 0.0000E+00
1.2589E-09 0.0000E+00
1.3490E-09 0.0000E+00
1.4454E-09 0.0000E+00
1.5488E-09 2.2077E+00
1.6596E-09 0.0000E+00
1.7783E-09 0.0000E+00
1.9055E-09 0.0000E+00
2.0417E-09 0.0000E+00
2.1878E-09 0.0000E+00
2.3442E-09 0.0000E+00
2.5119E-09 0.0000E+00
2.6915E-09 0.0000E+00
2.8840E-09 4.0965E-02
3.0903E-09 0.0000E+00
3.3113E-09 0.0000E+00
3.5481E-09 0.0000E+00
3.8019E-09 1.3265E-01
4.0738E-09 4.8663E-02
4.3652E-09 0.0000E+00
4.6774E-09 0.0000E+00
5.0119E-09 0.0000E+00
5.3703E-09 0.0000E+00
5.7544E-09 2.8882E-01
6.1660E-09 0.0000E+00
6.6069E-09 5.5593E-02
7.0795E-09 0.0000E+00
7.5858E-09 8.9351E-02
8.1283E-09 1.0930E+00
8.7096E-09 0.0000E+00
9.3325E-09 0.0000E+00
1.0000E-08 2.6906E+01
1.0715E-08 0.0000E+00
1.1482E-08 0.0000E+00
1.2303E-08 0.0000E+00
1.3183E-08 1.0552E-01
1.4125E-08 8.4554E-02
1.5136E-08 0.0000E+00
1.6218E-08 7.1756E-01
1.7378E-08 4.0894E+00
1.8621E-08 1.5410E+00
1.9953E-08 3.6660E+00
2.1380E-08 0.0000E+00
2.2909E-08 5.7781E-01
2.4547E-08 1.5720E+01
2.6303E-08 0.0000E+00
2.8184E-08 0.0000E+00
3.0200E-08 0.0000E+00
3.2359E-08 0.0000E+00
3.4674E-08 5.0312E+01
3.7154E-08 0.0000E+00
3.9811E-08 5.2520E+01
4.2658E-08 0.0000E+00
4.5709E-08 0.0000E+00
4.8978E-08 0.0000E+00
5.2481E-08 0.0000E+00
5.6234E-08 0.0000E+00
6.0256E-08 0.0000E+00
6.4565E-08 0.0000E+00
6.9183E-08 0.0000E+00
7.4131E-08 0.0000E+00
7.9433E-08 0.0000E+00
8.5114E-08 9.2362E+00
9.1201E-08 1.0631E+02
9.7724E-08 0.0000E+00
1.0471E-07 0.0000E+00
1.1220E-07 0.0000E+00
1.2023E-07 0.0000E+00
1.2882E-07 0.0000E+00
1.3804E-07 0.0000E+00
1.4791E-07 0.0000E+00
1.5849E-07 0.0000E+00
1.6982E-07 0.0000E+00
1.8197E-07 0.0000E+00
1.9498E-07 0.0000E+00
2.0893E-07 0.0000E+00
2.2387E-07 0.0000E+00
2.3988E-07 6.0318E-01
2.5704E-07 1.7119E+01
2.7542E-07 0.0000E+00
2.9512E-07 0.0000E+00
3.1623E-07 1.9366E+01
3.3884E-07 0.0000E+00
3.6308E-07 0.0000E+00
3.8905E-07 1.2348E+01
4.1687E-07 0.0000E+00
4.4668E-07 0.0000E+00
4.7863E-07 0.0000E+00
5.1286E-07 0.0000E+00
5.4954E-07 0.0000E+00
5.8884E-07 0.0000E+00
6.3096E-07 0.0000E+00
6.7608E-07 0.0000E+00
7.2444E-07 0.0000E+00
7.7625E-07 0.0000E+00
8.3176E-07 0.0000E+00
8.9125E-07 1.4424E-01
9.5499E-07 0.0000E+00
1.0233E-06 3.5967E-01
1.0965E-06 8.1662E-01
1.1749E-06 4.7234E+00
1.2589E-06 1.2071E-01
1.3490E-06 2.5537E+00
1.4454E-06 9.8177E+00
1.5488E-06 1.1821E+00
1.6596E-06 9.4234E+00
1.7783E-06 1.2569E+01
1.9055E-06 2.5875E+01
2.0417E-06 3.0508E+01
2.1878E-06 5.0279E+01
2.3442E-06 4.6700E+01
2.5119E-06 7.4370E+01
2.6915E-06 8.2790E+01
2.8840E-06 1.2143E+02
3.0903E-06 1.4887E+02
3.3113E-06 1.9240E+02
3.5481E-06 2.6286E+02
3.8019E-06 3.4605E+02
4.0738E-06 4.2391E+02
4.3652E-06 4.8186E+02
4.6774E-06 6.0701E+02
5.0119E-06 7.7960E+02
5.3703E-06 9.6348E+02
5.7544E-06 1.1755E+03
6.1660E-06 1.4628E+03
6.6069E-06 1.7759E+03
7.0795E-06 2.2145E+03
7.5858E-06 2.4682E+03
8.1283E-06 2.7542E+03
8.7096E-06 3.4531E+03
9.3325E-06 3.8686E+03
1.0000E-05 4.5693E+03
1.0715E-05 5.0905E+03
1.1482E-05 6.1285E+03
1.2303E-05 6.9526E+03
1.3183E-05 7.7831E+03
1.4125E-05 8.8152E+03
1.5136E-05 1.0007E+04
1.6218E-05 1.1237E+04
1.7378E-05 1.3058E+04
1.8621E-05 1.4679E+04
1.9953E-05 1.6313E+04
2.1380E-05 1.7985E+04
2.2909E-05 1.9114E+04
2.4547E-05 2.1373E+04
2.6303E-05 2.2608E+04
2.8184E-05 2.5250E+04
3.0200E-05 2.7699E+04
3.2359E-05 2.9513E+04
3.4674E-05 3.3122E+04
3.7154E-05 3.4330E+04
3.9811E-05 3.7815E+04
4.2658E-05 4.0649E+04
4.5709E-05 4.3718E+04
4.8978E-05 4.6321E+04
5.2481E-05 4.9046E+04
5.6234E-05 5.3975E+04
6.0256E-05 5.7497E+04
6.4565E-05 5.9946E+04
6.9183E-05 6.4686E+04
7.4131E-05 6.9497E+04
7.9433E-05 7.2386E+04
8.5114E-05 7.6234E+04
9.1201E-05 8.0044E+04
9.7724E-05 8.4074E+04
1.0471E-04 8.7599E+04
1.1220E-04 9.2099E+04
1.2023E-04 9.6206E+04
1.2882E-04 9.8507E+04
1.3804E-04 1.0368E+05
1.4791E-04 1.0879E+05
1.5849E-04 1.1206E+05
1.6982E-04 1.1790E+05
1.8197E-04 1.2552E+05
1.9498E-04 1.2963E+05
2.0893E-04 1.3378E+05
2.2387E-04 1.3361E+05
2.3988E-04 1.3863E+05
2.5704E-04 1.4325E+05
2.7542E-04 1.4756E+05
2.9512E-04 1.5186E+05
3.1623E-04 1.5448E+05
3.3884E-04 1.5916E+05
3.6308E-04 1.6374E+05
3.8905E-04 1.6625E+05
4.1687E-04 1.7244E+05
4.4668E-04 1.7840E+05
4.7863E-04 1.8129E+05
5.1286E-04 1.8583E+05
5.4954E-04 1.9013E+05
5.8884E-04 1.9459E+05
6.3096E-04 1.9729E+05
6.7608E-04 2.0141E+05
7.2444E-04 2.0834E+05
7.7625E-04 2.1166E+05
8.3176E-04 2.1424E+05
8.9125E-04 2.1953E+05
9.5499E-04 2.2287E+05
1.0233E-03 2.2530E+05
1.0965E-03 2.2913E+05
1.1749E-03 2.3154E+05
1.2589E-03 2.3526E+05
1.3490E-03 2.3976E+05
1.4454E-03 2.4344E+05
1.5488E-03 2.4680E+05
1.6596E-03 2.3271E+05
1.7783E-03 2.4699E+05
1.9055E-03 2.5193E+05
2.0417E-03 2.5354E+05
2.1878E-03 2.6123E+05
2.3442E-03 2.5626E+05
2.5119E-03 2.6672E+05
2.6915E-03 2.7086E+05
2.8840E-03 2.6952E+05
3.0903E-03 2.7414E+05
3.3113E-03 2.7229E+05
3.5481E-03 2.7673E+05
3.8019E-03 2.7831E+05
4.0738E-03 2.8035E+05
4.3652E-03 2.8915E+05
4.6774E-03 2.9757E+05
5.0119E-03 2.9791E+05
5.3703E-03 2.9274E+05
5.7544E-03 2.8005E+05
6.1660E-03 2.8369E+05
6.6069E-03 2.8393E+05
7.0795E-03 2.9105E+05
7.5858E-03 2.9267E+05
8.1283E-03 2.8247E+05
8.7096E-03 3.0078E+05
9.3325E-03 3.0228E+05
1.0000E-02 3.0514E+05
1.0715E-02 3.1283E+05
1.1482E-02 3.1995E+05
1.2303E-02 3.1739E+05
1.3183E-02 3.2237E+05
1.4125E-02 3.2044E+05
1.5136E-02 3.2252E+05
1.6218E-02 3.0957E+05
1.7378E-02 3.3311E+05
1.8621E-02 3.3630E+05
1.9953E-02 3.3514E+05
2.1380E-02 3.5489E+05
2.2909E-02 3.8341E+05
2.4547E-02 3.6641E+05
2.6303E-02 3.9273E+05
2.8184E-02 4.1254E+05
3.0200E-02 4.2671E+05
3.2359E-02 4.3404E+05
3.4674E-02 3.6598E+05
3.7154E-02 3.4665E+05
3.9811E-02 2.4760E+05
4.2658E-02 2.9696E+05
4.5709E-02 3.6083E+05
4.8978E-02 3.8364E+05
5.2481E-02 3.9165E+05
5.6234E-02 4.6286E+05
6.0256E-02 4.7383E+05
6.4565E-02 4.6630E+05
6.9183E-02 4.5680E+05
7.4131E-02 3.2738E+05
7.9433E-02 4.6005E+05
8.5114E-02 4.5663E+05
9.1201E-02 4.4092E+05
9.7724E-02 4.4037E+05
1.0471E-01 4.5485E+05
1.1220E-01 5.6730E+05
1.2023E-01 6.0676E+05
1.2882E-01 6.5965E+05
1.3804E-01 5.3097E+05
1.4791E-01 4.5413E+05
1.5849E-01 4.8754E+05
1.6982E-01 5.3544E+05
1.8197E-01 6.2917E+05
1.9498E-01 6.6345E+05
2.0893E-01 6.4351E+05
2.2387E-01 7.1257E+05
2.3988E-01 7.5748E+05
2.5704E-01 7.3427E+05
2.7542E-01 7.3486E+05
2.9512E-01 7.6375E+05
3.1623E-01 7.7534E+05
3.3884E-01 6.9480E+05
3.6308E-01 7.6520E+05
3.8905E-01 7.4649E+05
4.1687E-01 6.4698E+05
4.4668E-01 8.2692E+05
4.7863E-01 1.0071E+06
5.1286E-01 8.6501E+05
5.4954E-01 9.0331E+05
5.8884E-01 9.0316E+05
6.3096E-01 9.3232E+05
6.7608E-01 9.0472E+05
7.2444E-01 8.6497E+05
7.7625E-01 8.5411E+05
8.3176E-01 8.8769E+05
8.9125E-01 1.7558E+06
9.5499E-01 1.3635E+06
1.0233E+00 5.7083E+05
1.0965E+00 5.3446E+05
1.1749E+00 4.7367E+05
1.2589E+00 4.5529E+05
1.3490E+00 5.0936E+05
1.4454E+00 5.3985E+05
1.5488E+00 4.3209E+05
1.6596E+00 3.3122E+05
1.7783E+00 3.6469E+05
1.9055E+00 3.5714E+05
2.0417E+00 3.4694E+05
2.1878E+00 3.3578E+05
2.3442E+00 3.1132E+05
2.5119E+00 1.6348E+05
2.6915E+00 1.6600E+05
2.8840E+00 1.6303E+05
3.0903E+00 1.6511E+05
3.3113E+00 1.6585E+05
3.5481E+00 1.6740E+05
3.8019E+00 1.4512E+05
4.0738E+00 9.6000E+04
4.3652E+00 9.5751E+04
4.6774E+00 9.5242E+04
5.0119E+00 9.7985E+04
5.3703E+00 1.0128E+05
5.7544E+00 1.0408E+05
6.1660E+00 7.5666E+04
6.6069E+00 6.3483E+04
7.0795E+00 6.4214E+04
7.5858E+00 6.4169E+04
8.1283E+00 6.7313E+04
8.7096E+00 6.8274E+04
9.3325E+00 6.8377E+04
1.0000E+01 4.7956E+04
1.0715E+01 4.7454E+04
1.1482E+01 4.7334E+04
1.2303E+01 4.7048E+04
1.3183E+01 4.6641E+04
1.4125E+01 4.5979E+04
1.5136E+01 4.0577E+04
1.6218E+01 3.0779E+04
1.7378E+01 3.0587E+04
1.8621E+01 3.0559E+04
1.9953E+01 2.9992E+04
2.1380E+01 3.0101E+04
2.2909E+01 3.0342E+04
2.4547E+01 2.4604E+04
2.6303E+01 2.1992E+04
2.8184E+01 2.2591E+04
3.0200E+01 2.3007E+04
3.2359E+01 2.3434E+04
3.4674E+01 2.3919E+04
3.7154E+01 2.4249E+04
3.9811E+01 1.6020E+04
4.2658E+01 1.6246E+04
4.5709E+01 1.6457E+04
4.8978E+01 1.6515E+04
5.2481E+01 1.6597E+04
5.6234E+01 1.6759E+04
6.0256E+01 1.4319E+04
6.4565E+01 9.4390E+03
6.9183E+01 9.3947E+03
7.4131E+01 9.4681E+03
7.9433E+01 9.4872E+03
8.5114E+01 9.5952E+03
9.1201E+01 9.6882E+03
9.7724E+01 5.6940E+03
1.0471E+02 3.7242E+03
1.1220E+02 3.7879E+03
1.2023E+02 3.8404E+03
1.2882E+02 3.9455E+03
1.3804E+02 4.0084E+03
1.4791E+02 4.0762E+03
1.5849E+02 9.0898E+02
1.6982E+02 9.2139E+02
1.8197E+02 9.2775E+02
1.9498E+02 9.3318E+02
2.0893E+02 9.3565E+02
2.2387E+02 9.3827E+02
2.3988E+02 6.8772E+02
2.5704E+02 1.8579E+02
2.7542E+02 1.8585E+02
2.9512E+02 1.8549E+02
3.1623E+02 1.8546E+02
3.3884E+02 1.8486E+02
3.6308E+02 1.8444E+02
3.8905E+02 6.1697E+01
4.1687E+02 0.0000E+00
4.4668E+02 0.0000E+00
4.7863E+02 0.0000E+00
5.1286E+02 0.0000E+00
5.4954E+02 0.0000E+00
5.8884E+02 0.0000E+00
6.3096E+02 0.0000E+00
6.7608E+02 0.0000E+00
7.2444E+02 0.0000E+00
7.7625E+02 0.0000E+00
8.3176E+02 0.0000E+00
8.9125E+02 0.0000E+00
9.5499E+02 0.0000E+00
1.0233E+03 0.0000E+00
1.0965E+03 0.0000E+00
1.1749E+03 0.0000E+00
1.2589E+03 0.0000E+00
1.3490E+03 0.0000E+00
1.4454E+03 0.0000E+00
1.5488E+03 0.0000E+00
1.6596E+03 0.0000E+00
1.7783E+03 0.0000E+00
1.9055E+03 0.0000E+00
2.0417E+03 0.0000E+00
2.1878E+03 0.0000E+00
2.3442E+03 0.0000E+00
2.5119E+03 0.0000E+00
2.6915E+03 0.0000E+00
2.8840E+03 0.0000E+00
3.0903E+03 0.0000E+00
3.3113E+03 0.0000E+00
3.5481E+03 0.0000E+00
3.8019E+03 0.0000E+00
4.0738E+03 0.0000E+00
4.3652E+03 0.0000E+00
4.6774E+03 0.0000E+00
5.0119E+03 0.0000E+00
5.3703E+03 0.0000E+00
5.7544E+03 0.0000E+00
6.1660E+03 0.0000E+00
6.6069E+03 0.0000E+00
7.0795E+03 0.0000E+00
7.5858E+03 0.0000E+00
8.1283E+03 0.0000E+00
8.7096E+03 0.0000E+00
9.3325E+03 0.0000E+00
1.0000E+04 0.0000E+00
