1.0000E-11 0.0000E+00
1.0715E-11 0.0000E+00
1.1482E-11 0.0000E+00
1.2303E-11 0.0000E+00
1.3183E-11 0.0000E+00
1.4125E-11 0.0000E+00
1.5136E-11 0.0000E+00
1.6218E-11 0.0000E+00
1.7378E-11 0.0000E+00
1.8621E-11 0.0000E+00
1.9953E-11 0.0000E+00
2.1380E-11 0.0000E+00
2.2909E-11 0.0000E+00
2.4547E-11 0.0000E+00
2.6303E-11 0.0000E+00
2.8184E-11 0.0000E+00
3.0200E-11 0.0000E+00
3.2359E-11 0.0000E+00
3.4674E-11 0.0000E+00
3.7154E-11 0.0000E+00
3.9811E-11 0.0000E+00
4.2658E-11 0.0000E+00
4.5709E-11 0.0000E+00
4.8978E-11 0.0000E+00
5.2481E-11 0.0000E+00
5.6234E-11 0.0000E+00
6.0256E-11 0.0000E+00
6.4565E-11 0.0000E+00
6.9183E-11 0.0000E+00
7.4131E-11 0.0000E+00
7.9433E-11 0.0000E+00
8.5114E-11 0.0000E+00
9.1201E-11 0.0000E+00
9.7724E-11 0.0000E+00
1.0471E-10 0.0000E+00
1.1220E-10 0.0000E+00
1.2023E-10 0.0000E+00
1.2882E-10 0.0000E+00
1.3804E-10 0.0000E+00
1.4791E-10 0.0000E+00
1.5849E-10 0.0000E+00
1.6982E-10 0.0000E+00
1.8197E-10 0.0000E+00
1.9498E-10 0.0000E+00
2.0893E-10 0.0000E+00
2.2387E-10 0.0000E+00
2.3988E-10 0.0000E+00
2.5704E-10 0.0000E+00
2.7542E-10 0.0000E+00
2.9512E-10 0.0000E+00
3.1623E-10 0.0000E+00
3.3884E-10 1.7513E+01
3.6308E-10 0.0000E+00
3.8905E-10 0.0000E+00
4.1687E-10 0.0000E+00
4.4668E-10 0.0000E+00
4.7863E-10 0.0000E+00
5.1286E-10 0.0000E+00
5.4954E-10 0.0000E+00
5.8884E-10 0.0000E+00
6.3096E-10 0.0000E+00
6.7608E-10 0.0000E+00
7.2444E-10 0.0000E+00
7.7625E-10 0.0000E+00
8.3176E-10 0.0000E+00
8.9125E-10 0.0000E+00
9.5499E-10 0.0000E+00
1.0233E-09 0.0000E+00
1.0965E-09 0.0000E+00
1.1749E-09 0.0000E+00
1.2589E-09 0.0000E+00
1.3490E-09 0.0000E+00
1.4454E-09 0.0000E+00
1.5488E-09 2.2077E+00
1.6596E-09 0.0000E+00
1.7783E-09 0.0000E+00
1.9055E-09 0.0000E+00
2.0417E-09 0.0000E+00
2.1878E-09 0.0000E+00
2.3442E-09 0.0000E+00
2.5119E-09 0.0000E+00
2.6915E-09 0.0000E+00
2.8840E-09 4.0965E-02
3.0903E-09 0.0000E+00
3.3113E-09 0.0000E+00
3.5481E-09 0.0000E+00
3.8019E-09 1.3265E-01
4.0738E-09 4.8663E-02
4.3652E-09 0.0000E+00
4.6774E-09 0.0000E+00
5.0119E-09 0.0000E+00
5.3703E-09 0.0000E+00
5.7544E-09 2.8882E-01
6.1660E-09 0.0000E+00
6.6069E-09 5.5593E-02
7.0795E-09 0.0000E+00
7.5858E-09 8.9351E-02
8.1283E-09 1.0930E+00
8.7096E-09 0.0000E+00
9.3325E-09 0.0000E+00
1.0000E-08 2.6906E+01
1.0715E-08 0.0000E+00
1.1482E-08 0.0000E+00
1.2303E-08 0.0000E+00
1.3183E-08 1.0552E-01
1.4125E-08 8.4554E-02
1.5136E-08 0.0000E+00
1.6218E-08 7.1756E-01
1.7378E-08 4.0894E+00
1.8621E-08 1.5410E+00
1.9953E-08 3.6660E+00
2.1380E-08 0.0000E+00
2.2909E-08 5.7781E-01
2.4547E-08 1.5720E+01
2.6303E-08 0.0000E+00
2.8184E-08 0.0000E+00
3.0200E-08 0.0000E+00
3.2359E-08 0.0000E+00
3.4674E-08 5.0312E+01
3.7154E-08 0.0000E+00
3.9811E-08 5.2520E+01
4.2658E-08 0.0000E+00
4.5709E-08 0.0000E+00
4.8978E-08 0.0000E+00
5.2481E-08 0.0000E+00
5.6234E-08 0.0000E+00
6.0256E-08 0.0000E+00
6.4565E-08 0.0000E+00
6.9183E-08 0.0000E+00
7.4131E-08 0.0000E+00
7.9433E-08 0.0000E+00
8.5114E-08 9.2362E+00
9.1201E-08 1.0631E+02
9.7724E-08 0.0000E+00
1.0471E-07 0.0000E+00
1.1220E-07 0.0000E+00
1.2023E-07 0.0000E+00
1.2882E-07 0.0000E+00
1.3804E-07 0.0000E+00
1.4791E-07 0.0000E+00
1.5849E-07 0.0000E+00
1.6982E-07 0.0000E+00
1.8197E-07 0.0000E+00
1.9498E-07 0.0000E+00
2.0893E-07 0.0000E+00
2.2387E-07 0.0000E+00
2.3988E-07 6.0318E-01
2.5704E-07 1.7119E+01
2.7542E-07 0.0000E+00
2.9512E-07 0.0000E+00
3.1623E-07 1.9366E+01
3.3884E-07 0.0000E+00
3.6308E-07 0.0000E+00
3.8905E-07 1.2348E+01
4.1687E-07 0.0000E+00
4.4668E-07 0.0000E+00
4.7863E-07 0.0000E+00
5.1286E-07 0.0000E+00
5.4954E-07 0.0000E+00
5.8884E-07 0.0000E+00
6.3096E-07 0.0000E+00
6.7608E-07 0.0000E+00
7.2444E-07 0.0000E+00
7.7625E-07 1.8415E+00
8.3176E-07 1.4202E-01
8.9125E-07 4.8962E-01
9.5499E-07 0.0000E+00
1.0233E-06 7.3217E-01
1.0965E-06 5.7113E+00
1.1749E-06 1.0970E+01
1.2589E-06 4.1198E+00
1.3490E-06 1.0247E+01
1.4454E-06 2.0797E+01
1.5488E-06 4.8295E+00
1.6596E-06 2.1851E+01
1.7783E-06 3.9599E+01
1.9055E-06 6.2187E+01
2.0417E-06 7.7110E+01
2.1878E-06 1.1200E+02
2.3442E-06 1.2987E+02
2.5119E-06 1.9644E+02
2.6915E-06 2.4022E+02
2.8840E-06 2.7958E+02
3.0903E-06 3.8477E+02
3.3113E-06 5.0888E+02
3.5481E-06 6.4691E+02
3.8019E-06 8.4666E+02
4.0738E-06 1.0837E+03
4.3652E-06 1.3220E+03
4.6774E-06 1.6323E+03
5.0119E-06 1.9794E+03
5.3703E-06 2.4284E+03
5.7544E-06 3.0094E+03
6.1660E-06 3.7738E+03
6.6069E-06 4.3924E+03
7.0795E-06 5.3513E+03
7.5858E-06 6.3212E+03
8.1283E-06 7.1983E+03
8.7096E-06 8.7208E+03
9.3325E-06 1.0125E+04
1.0000E-05 1.1444E+04
1.0715E-05 1.2846E+04
1.1482E-05 1.5300E+04
1.2303E-05 1.7470E+04
1.3183E-05 2.0015E+04
1.4125E-05 2.2502E+04
1.5136E-05 2.5466E+04
1.6218E-05 2.8501E+04
1.7378E-05 3.3394E+04
1.8621E-05 3.7600E+04
1.9953E-05 4.1347E+04
2.1380E-05 4.5102E+04
2.2909E-05 4.8715E+04
2.4547E-05 5.3451E+04
2.6303E-05 5.7997E+04
2.8184E-05 6.4871E+04
3.0200E-05 7.0300E+04
3.2359E-05 7.5946E+04
3.4674E-05 8.3675E+04
3.7154E-05 8.8344E+04
3.9811E-05 9.5933E+04
4.2658E-05 1.0302E+05
4.5709E-05 1.1124E+05
4.8978E-05 1.1785E+05
5.2481E-05 1.2531E+05
5.6234E-05 1.3815E+05
6.0256E-05 1.4520E+05
6.4565E-05 1.5329E+05
6.9183E-05 1.6491E+05
7.4131E-05 1.7550E+05
7.9433E-05 1.8424E+05
8.5114E-05 1.9306E+05
9.1201E-05 2.0399E+05
9.7724E-05 2.1330E+05
1.0471E-04 2.2204E+05
1.1220E-04 2.3288E+05
1.2023E-04 2.4275E+05
1.2882E-04 2.5065E+05
1.3804E-04 2.6430E+05
1.4791E-04 2.7441E+05
1.5849E-04 2.8461E+05
1.6982E-04 2.9873E+05
1.8197E-04 3.1566E+05
1.9498E-04 3.2816E+05
2.0893E-04 3.3806E+05
2.2387E-04 3.3888E+05
2.3988E-04 3.5200E+05
2.5704E-04 3.6246E+05
2.7542E-04 3.7367E+05
2.9512E-04 3.8384E+05
3.1623E-04 3.9280E+05
3.3884E-04 4.0284E+05
3.6308E-04 4.1548E+05
3.8905E-04 4.2309E+05
4.1687E-04 4.3544E+05
4.4668E-04 4.5456E+05
4.7863E-04 4.6159E+05
5.1286E-04 4.7296E+05
5.4954E-04 4.8372E+05
5.8884E-04 4.9246E+05
6.3096E-04 4.9987E+05
6.7608E-04 5.1229E+05
7.2444E-04 5.2465E+05
7.7625E-04 5.3482E+05
8.3176E-04 5.4296E+05
8.9125E-04 5.5237E+05
9.5499E-04 5.6127E+05
1.0233E-03 5.6927E+05
1.0965E-03 5.7698E+05
1.1749E-03 5.8376E+05
1.2589E-03 5.9429E+05
1.3490E-03 6.0492E+05
1.4454E-03 6.1040E+05
1.5488E-03 6.2056E+05
1.6596E-03 6.2557E+05
1.7783E-03 6.2630E+05
1.9055E-03 6.3408E+05
2.0417E-03 6.3961E+05
2.1878E-03 6.5589E+05
2.3442E-03 6.6888E+05
2.5119E-03 6.7791E+05
2.6915E-03 6.8091E+05
2.8840E-03 6.8489E+05
3.0903E-03 6.9156E+05
3.3113E-03 6.9666E+05
3.5481E-03 6.9332E+05
3.8019E-03 6.9772E+05
4.0738E-03 7.0343E+05
4.3652E-03 7.2514E+05
4.6774E-03 7.4343E+05
5.0119E-03 7.4409E+05
5.3703E-03 7.2661E+05
5.7544E-03 6.9841E+05
6.1660E-03 7.0497E+05
6.6069E-03 7.0844E+05
7.0795E-03 7.2061E+05
7.5858E-03 7.2381E+05
8.1283E-03 7.2672E+05
8.7096E-03 7.4501E+05
9.3325E-03 7.5237E+05
1.0000E-02 7.5856E+05
1.0715E-02 7.6851E+05
1.1482E-02 7.8606E+05
1.2303E-02 7.9148E+05
1.3183E-02 7.9276E+05
1.4125E-02 7.8891E+05
1.5136E-02 7.8911E+05
1.6218E-02 7.9169E+05
1.7378E-02 8.0854E+05
1.8621E-02 8.1426E+05
1.9953E-02 8.0397E+05
2.1380E-02 8.5559E+05
2.2909E-02 9.2147E+05
2.4547E-02 9.2533E+05
2.6303E-02 9.2746E+05
2.8184E-02 9.8268E+05
3.0200E-02 9.8576E+05
3.2359E-02 9.9219E+05
3.4674E-02 8.3527E+05
3.7154E-02 7.5814E+05
3.9811E-02 7.6276E+05
4.2658E-02 8.2179E+05
4.5709E-02 9.3707E+05
4.8978E-02 9.3918E+05
5.2481E-02 9.4182E+05
5.6234E-02 1.0948E+06
6.0256E-02 1.0990E+06
6.4565E-02 1.1010E+06
6.9183E-02 1.1326E+06
7.4131E-02 1.1450E+06
7.9433E-02 1.1491E+06
8.5114E-02 1.0958E+06
9.1201E-02 9.9165E+05
9.7724E-02 9.9474E+05
1.0471E-01 1.0019E+06
1.1220E-01 1.3938E+06
1.2023E-01 1.4013E+06
1.2882E-01 1.4066E+06
1.3804E-01 1.1349E+06
1.4791E-01 9.9501E+05
1.5849E-01 1.0043E+06
1.6982E-01 1.0835E+06
1.8197E-01 1.2366E+06
1.9498E-01 1.2418E+06
2.0893E-01 1.2540E+06
2.2387E-01 1.4026E+06
2.3988E-01 1.4150E+06
2.5704E-01 1.4273E+06
2.7542E-01 1.3745E+06
2.9512E-01 1.3599E+06
3.1623E-01 1.3622E+06
3.3884E-01 1.3560E+06
3.6308E-01 1.3292E+06
3.8905E-01 1.2497E+06
4.1687E-01 1.0014E+06
4.4668E-01 1.2344E+06
4.7863E-01 1.3613E+06
5.1286E-01 1.4133E+06
5.4954E-01 1.4150E+06
5.8884E-01 1.4294E+06
6.3096E-01 1.4581E+06
6.7608E-01 1.4300E+06
7.2444E-01 1.3427E+06
7.7625E-01 1.3695E+06
8.3176E-01 1.3994E+06
8.9125E-01 2.6055E+06
9.5499E-01 2.0517E+06
1.0233E+00 8.4258E+05
1.0965E+00 8.1301E+05
1.1749E+00 7.1628E+05
1.2589E+00 6.8816E+05
1.3490E+00 7.7875E+05
1.4454E+00 8.2038E+05
1.5488E+00 6.5045E+05
1.6596E+00 5.5237E+05
1.7783E+00 5.5951E+05
1.9055E+00 5.7766E+05
2.0417E+00 5.8126E+05
2.1878E+00 5.8603E+05
2.3442E+00 5.5605E+05
2.5119E+00 2.9630E+05
2.6915E+00 3.0437E+05
2.8840E+00 3.1064E+05
3.0903E+00 3.1609E+05
3.3113E+00 3.1334E+05
3.5481E+00 3.1384E+05
3.8019E+00 2.7309E+05
4.0738E+00 1.7907E+05
4.3652E+00 1.7782E+05
4.6774E+00 1.7626E+05
5.0119E+00 1.7761E+05
5.3703E+00 1.7965E+05
5.7544E+00 1.7861E+05
6.1660E+00 1.2644E+05
6.6069E+00 1.0330E+05
7.0795E+00 1.0227E+05
7.5858E+00 1.0040E+05
8.1283E+00 1.0369E+05
8.7096E+00 1.0428E+05
9.3325E+00 1.0344E+05
1.0000E+01 7.2383E+04
1.0715E+01 7.1518E+04
1.1482E+01 7.1800E+04
1.2303E+01 7.1684E+04
1.3183E+01 7.1765E+04
1.4125E+01 7.1731E+04
1.5136E+01 6.4009E+04
1.6218E+01 4.8926E+04
1.7378E+01 4.9067E+04
1.8621E+01 4.9077E+04
1.9953E+01 4.9001E+04
2.1380E+01 4.9128E+04
2.2909E+01 4.9251E+04
2.4547E+01 3.9325E+04
2.6303E+01 3.4402E+04
2.8184E+01 3.4632E+04
3.0200E+01 3.4762E+04
3.2359E+01 3.5004E+04
3.4674E+01 3.5256E+04
3.7154E+01 3.5393E+04
3.9811E+01 2.3220E+04
4.2658E+01 2.3404E+04
4.5709E+01 2.3583E+04
4.8978E+01 2.3728E+04
5.2481E+01 2.3860E+04
5.6234E+01 2.4139E+04
6.0256E+01 2.0725E+04
6.4565E+01 1.3770E+04
6.9183E+01 1.3793E+04
7.4131E+01 1.3938E+04
7.9433E+01 1.3972E+04
8.5114E+01 1.4080E+04
9.1201E+01 1.4112E+04
9.7724E+01 8.2343E+03
1.0471E+02 5.2936E+03
1.1220E+02 5.2957E+03
1.2023E+02 5.2918E+03
1.2882E+02 5.3430E+03
1.3804E+02 5.3401E+03
1.4791E+02 5.3357E+03
1.5849E+02 1.1757E+03
1.6982E+02 1.1792E+03
1.8197E+02 1.1782E+03
1.9498E+02 1.1801E+03
2.0893E+02 1.1770E+03
2.2387E+02 1.1772E+03
2.3988E+02 8.6217E+02
2.5704E+02 2.3293E+02
2.7542E+02 2.3281E+02
2.9512E+02 2.3275E+02
3.1623E+02 2.3287E+02
3.3884E+02 2.3268E+02
3.6308E+02 2.3251E+02
3.8905E+02 7.7766E+01
4.1687E+02 0.0000E+00
4.4668E+02 0.0000E+00
4.7863E+02 0.0000E+00
5.1286E+02 0.0000E+00
5.4954E+02 0.0000E+00
5.8884E+02 0.0000E+00
6.3096E+02 0.0000E+00
6.7608E+02 0.0000E+00
7.2444E+02 0.0000E+00
7.7625E+02 0.0000E+00
8.3176E+02 0.0000E+00
8.9125E+02 0.0000E+00
9.5499E+02 0.0000E+00
1.0233E+03 0.0000E+00
1.0965E+03 0.0000E+00
1.1749E+03 0.0000E+00
1.2589E+03 0.0000E+00
1.3490E+03 0.0000E+00
1.4454E+03 0.0000E+00
1.5488E+03 0.0000E+00
1.6596E+03 0.0000E+00
1.7783E+03 0.0000E+00
1.9055E+03 0.0000E+00
2.0417E+03 0.0000E+00
2.1878E+03 0.0000E+00
2.3442E+03 0.0000E+00
2.5119E+03 0.0000E+00
2.6915E+03 0.0000E+00
2.8840E+03 0.0000E+00
3.0903E+03 0.0000E+00
3.3113E+03 0.0000E+00
3.5481E+03 0.0000E+00
3.8019E+03 0.0000E+00
4.0738E+03 0.0000E+00
4.3652E+03 0.0000E+00
4.6774E+03 0.0000E+00
5.0119E+03 0.0000E+00
5.3703E+03 0.0000E+00
5.7544E+03 0.0000E+00
6.1660E+03 0.0000E+00
6.6069E+03 0.0000E+00
7.0795E+03 0.0000E+00
7.5858E+03 0.0000E+00
8.1283E+03 0.0000E+00
8.7096E+03 0.0000E+00
9.3325E+03 0.0000E+00
1.0000E+04 0.0000E+00
